15.3291
9.24595
7.60564
6.85649
6.70142
7.55103
7.48125
8.21644
8.58787
8.03146
8.01412
7.2625
7.78938
8.76574
7.2006
7.11252
6.94267
7.7419
7.65801
7.8712
7.34452
7.68971
7.1135
7.0622
6.70506
7.6783
7.34178
6.63191
6.62376
6.67994
6.89359
7.5634
7.79098
7.32323
7.50879
6.76337
6.22696
6.82102
6.96993
6.57932
7.08979
7.03516
6.72526
6.37944
6.49169
6.02398
6.97783
6.80649
6.41264
5.70914
6.96746
6.76614
6.9781
6.21362
6.65782
6.91911
6.06578
5.89618
6.8039
6.15834
6.08349
5.76896
5.72839
5.6593
5.86924
6.3403
6.90338
6.23743
6.39343
5.85992
5.84242
6.77865
5.51881
5.64262
5.6026
5.93817
4.87137
5.52558
6.06916
5.77911
6.03742
5.20077
5.96491
6.11329
5.76449
5.4665
4.78256
4.88694
5.52155
6.31921
5.6959
5.64825
4.96767
5.72621
5.19622
5.98976
5.69579
5.63995
5.38693
4.84768
6.26433
5.97675
5.78568
5.7875
5.52379
5.11528
5.30517
4.90625
5.30615
5.39504
5.6878
5.24165
5.47538
5.50248
5.76587
6.47699
5.54824
5.73797
4.9617
5.38914
5.61721
4.60432
5.66344
5.2804
5.46441
5.84958
5.31019
5.69904
5.95038
5.63535
5.84012
5.50465
5.23595
5.84454
6.89885
6.57037
5.38584
5.18593
5.72169
4.88987
5.49524
5.78075
5.34787
5.55443
5.64736
5.31735
5.78414
5.25369
5.35756
5.28963
4.8069
5.53177
5.82572
5.1969
5.88114
5.21253
5.41798
5.24026
5.31368
5.72226
4.65683
5.04404
5.35192
4.58843
5.15087
4.67838
5.93679
5.78779
5.73079
5.56372
4.79186
5.11374
4.99165
5.98761
5.28508
6.37104
5.85178
5.14061
5.70019
5.01438
4.43826
5.4603
5.34574
5.04906
5.45395
5.54733
6.09938
5.28623
5.34194
4.71059
5.7631
5.56638
6.06428
5.59691
5.31481
4.89455
4.92211
4.96082
4.88167
5.65003
5.40988
4.5624
4.9735
5.26095
6.00719
5.79197
4.70893
5.87613
5.535
5.30385
5.65125
4.53116
5.41645
5.71595
5.22192
4.96126
5.12939
5.80415
5.27975
5.17691
5.26791
5.33175
5.64375
5.39488
5.53944
5.63779
4.86038
5.19825
5.96869
5.82333
5.20282
4.96833
5.56346
5.03744
4.58622
5.22143
5.16818
5.39716
5.32312
5.28033
5.46142
6.04407
4.6893
5.53504
5.23
5.03993
5.08606
5.36257
4.98811
5.72354
5.24793
5.00442
6.06953
5.07043
5.22711
5.91913
5.42103
5.28986
5.3773
5.02906
4.71808
5.44662
5.21745
5.05161
5.80982
4.91542
5.27749
4.62905
5.28231
6.05136
5.03352
5.10988
5.74573
5.12094
5.57115
5.13198
5.27169
4.92771
4.90654
4.98247
5.23285
5.97729
4.9437
5.42146
5.33781
4.3001
5.48781
5.25752
5.3078
4.7918
5.30056
5.68425
6.52154
4.70871
5.41222
5.69398
5.01126
4.75783
5.45517
5.62749
5.15608
4.81369
5.1596
5.34858
5.91943
4.65853
4.96867
5.12668
5.79282
4.98771
6.14783
5.52122
5.27059
4.97805
5.48419
5.33764
5.0396
5.24411
4.84917
5.03096
4.72128
5.95385
5.03763
5.31995
4.87168
5.39581
4.58511
5.04803
5.33459
5.18207
5.07205
5.41412
5.71574
4.34599
5.44598
5.16515
4.98072
5.12773
5.3246
5.29501
5.89042
5.04593
4.77172
4.70495
4.99864
5.45645
5.76281
4.4402
5.37478
5.97679
5.39488
5.0916
4.57839
4.9796
4.65168
5.25733
4.87442
5.62259
5.40373
4.56775
5.21341
5.01444
5.09034
5.17163
4.57916
4.29705
5.04977
5.39845
4.48824
4.80508
5.69342
5.26562
4.87982
5.59166
5.58777
5.37842
5.20751
5.60964
5.13234
5.13459
4.93714
5.34528
4.99456
5.58653
5.36531
5.43192
5.392
5.02548
4.99619
4.84976
5.42035
4.6469
5.00549
5.56747
5.5114
5.22643
5.15687
5.16016
5.20504
5.03465
5.29974
5.11522
5.28618
5.56189
5.18419
5.07896
4.93815
5.05547
5.35834
5.63127
4.64935
5.93083
5.25164
5.26623
5.6536
4.60894
5.64531
5.25371
4.79935
5.1807
5.6141
5.30969
5.20475
5.39268
5.39829
4.72375
6.16683
4.68633
4.71384
4.59138
4.93997
4.81472
6.14847
4.9398
5.36279
5.09385
4.90276
5.50838
4.8536
5.33256
5.59339
4.97647
4.64072
5.30392
5.13453
4.89408
4.67973
5.50783
4.73033
4.71332
5.09796
4.81139
5.21915
5.05338
5.09689
5.28573
5.07523
5.04678
4.74415
5.43853
4.41728
4.81251
4.67371
4.57368
4.7262
4.85649
4.74777
5.02161
5.21139
5.43073
5.245
5.14833
5.35779
5.35859
5.61203
4.69247
5.17377
4.6987
5.82491
5.8768
5.39755
5.53324
5.56336
5.53107
4.74728
4.60951
5.13192
5.00804
5.80384
4.80239
5.46419
4.94195
4.9109
5.06635
5.84023
5.13429
5.09171
5.25865
5.15513
6.06141
4.91853
5.41249
5.22505
5.64616
4.82326
4.81846
5.59808
5.36051
5.14199
5.04569
4.90184
5.70768
5.21751
5.1874
4.84729
5.32027
5.61356
5.11735
5.18499
4.56014
5.1919
5.29247
5.44163
5.00764
4.89535
4.59988
5.53832
5.12846
5.03203
4.87003
5.4619
4.79248
5.09959
4.62587
5.1562
4.65997
4.5359
5.09161
4.95939
4.65861
5.02429
5.28019
5.28537
4.90891
5.61112
5.26519
4.7919
5.02522
4.83667
5.14473
5.16378
4.40384
4.45312
4.78727
4.27982
4.69131
4.82969
5.19566
5.32463
5.60148
5.04411
5.24995
4.73833
4.51797
5.69877
5.92067
4.5328
5.44175
5.5929
6.04421
5.46036
5.37502
5.06891
5.27115
5.69443
4.96434
4.91339
5.30537
5.21899
5.19429
5.44877
4.61199
5.48792
5.28591
5.37244
5.49184
4.97286
5.1571
4.78891
4.65773
5.85087
4.84361
5.56206
4.98669
4.95056
5.11385
5.27349
5.35813
5.08315
5.1312
5.17401
5.03459
5.05369
5.48861
5.18814
5.56421
5.2127
5.55221
4.68672
5.18441
5.32554
5.63237
5.73082
5.36135
4.87817
4.76918
4.94076
5.24824
4.56397
4.7384
5.3604
5.39148
5.00668
4.88733
5.34892
4.82613
4.61184
4.88995
5.33005
5.08152
4.94145
5.9812
5.15505
5.29836
5.12481
4.88919
5.82303
5.13752
5.67661
4.87215
4.78284
4.76256
5.32546
5.20721
4.91886
5.26263
5.21766
5.14592
4.46056
5.11774
5.01964
4.22483
5.3917
4.81561
4.926
4.83675
5.25954
4.78497
4.91035
4.26227
5.62436
4.93939
5.2145
4.56188
5.39046
5.008
4.54883
5.61612
4.49712
4.89819
4.68253
4.25097
5.98052
5.29691
4.99593
5.18297
4.59735
5.11475
5.14866
4.69555
5.30414
4.92617
5.06503
4.93608
5.46538
5.22324
4.9018
4.9457
5.52744
4.53975
4.76052
5.22109
5.00935
5.40386
5.25522
4.73238
5.5204
4.9257
4.84776
5.56351
4.65973
4.77936
5.4903
5.46401
4.72121
4.94432
4.74399
4.89683
4.72657
5.11669
4.92246
4.90091
5.16618
4.9049
4.93296
5.16178
5.0032
4.79875
4.9406
5.52199
5.06837
4.63839
4.99183
5.01654
5.29658
5.41977
5.21057
5.0561
5.79184
4.90181
5.24399
4.90871
5.30455
4.55473
5.04752
5.26471
4.73543
5.69605
6.25507
4.73693
6.08411
5.61192
3.97946
5.10888
5.53891
5.14448
4.51812
4.53489
4.6322
5.064
5.57788
5.10295
4.57891
5.44106
5.27194
4.77136
4.64855
5.14415
4.7229
4.78407
5.29631
5.17724
5.30074
5.4137
4.80115
5.33625
5.0855
5.01375
4.84501
4.69092
4.92482
5.15616
5.22693
4.71632
4.89536
5.31112
4.54956
5.09395
4.83755
4.86136
5.86431
5.09731
5.44345
4.77311
4.69916
5.19452
4.96121
5.52986
4.85249
4.41253
5.71147
4.53405
4.40039
5.74845
4.82633
5.5644
4.78665
5.03833
4.85388
4.48965
5.27361
4.31654
5.60032
5.47451
5.14863
4.7289
5.19631
5.08871
5.47385
5.05566
4.95259
4.78435
5.30175
4.8595
4.71799
4.99528
4.3571
5.16283
5.61938
4.7408
4.78928
4.65854
5.50863
4.41
5.27341
5.24207
4.80488
5.37939
5.42547
5.40469
5.13401
5.36902
4.28247
4.74547
5.3869
5.58994
6.13954
5.05569
4.82161
4.65413
4.52281
5.34864
4.96031
4.98434
4.80137
5.76728
4.46565
5.179
5.17201
5.09687
5.46285
4.97208
5.79649
5.13746
4.9648
4.85418
4.82405
4.5527
5.4539
4.9189
4.2989
5.29517
4.8261
5.47969
4.39498
5.30839
5.15366
5.07194
4.65059
4.80028
4.89112
4.74438
5.36151
5.14691
4.35474
4.92189
4.86211
5.18873
5.1768
5.59068
5.30804
4.78721
5.12258
4.79328
5.1712
5.2245
4.78725
4.62102
4.52164
4.91444
5.6927
4.49803
4.98271
4.55367
4.70509
4.98411
4.62978
6.14796
4.26979
4.75676
5.1776
4.90255
5.10407
5.51934
5.26109
6.03011
4.86451
4.74556
4.77726
5.1913
4.92477
4.83093
4.73346
4.96694
4.99058
5.17479
4.79342
5.43513
4.66281
4.91675
5.27634
4.76419
5.32036
4.83291
4.91971
4.94578
4.87855
5.07062
4.4002
4.81397
5.09431
4.53618
5.52999
5.08367
4.69216
4.72886
4.74508
4.56824
4.89065
4.79543
4.96395
5.2339
5.2816
5.04943
4.32723
5.48455
5.12972
4.35438
4.93556
5.27779
4.828
5.54341
4.76679
5.45347
5.62566
5.42372
4.93541
5.27061
5.11343
5.09021
4.59989
5.49415
4.51315
5.28013
4.94291
4.52138
4.84464
5.3051
5.3323
4.33224
4.91425
5.40384
5.75437
4.80169
5.13274
5.27539
4.78977
4.61744
5.09389
4.79907
4.58378
5.11394
5.08731
5.32217
4.79893
5.31754
5.12833
4.76936
4.66023
4.9438
4.46681
4.87041
4.71198
5.45383
5.11957
5.03209
5.01934
5.09345
5.03451
5.83212
5.08979
4.82692
4.71106
4.41736
4.7704
4.9762
4.98907
4.54631
4.07459
5.06981
4.97402
5.3277
4.96989
4.54264
4.77832
4.24355
5.08104
5.65849
4.87568
4.71798
5.06395
4.91391
5.27103
5.14854
4.54239
5.04003
5.3849
4.77922
4.74813
4.78038
5.07204
5.11394
4.82307
5.00971
4.66679
5.1911
5.26748
4.34431
4.46215
4.70277
5.17857
5.07353
4.98517
4.96287
4.85809
6.05288
4.66296
4.97187
4.95267
5.044
5.22369
4.81872
5.19588
5.74662
5.24007
4.77535
5.52366
4.91671
4.495
4.95717
5.15221
4.15091
4.73723
6.17423
4.66678
4.33173
5.32262
4.62688
5.61346
4.32502
4.05682
5.4709
5.23337
4.96674
5.60224
5.4363
5.32395
4.79555
5.22175
5.15167
4.85165
5.2062
4.77909
4.94792
4.8216
4.59006
4.67313
5.00424
4.73088
4.60859
5.64596
5.2966
4.5045
4.54951
4.47848
4.55103
5.14094
5.02231
4.68967
4.57708
5.04207
4.94774
5.24939
4.68054
4.44669
5.17381
5.57305
5.16471
4.92687
4.57818
4.77959
5.19369
4.42644
5.46466
5.56511
4.19064
4.9338
4.72808
5.1408
5.53387
5.27251
4.37405
5.24887
4.84325
4.99138
5.11701
4.8182
4.38702
5.73998
5.11645
5.24366
5.13685
4.80299
4.22906
5.22124
4.76003
5.15115
5.04664
5.33739
4.64506
4.49728
5.05954
4.6836
5.48309
4.7769
5.00739
5.30529
4.96808
5.09255
4.92284
4.92069
4.10163
5.42857
4.53257
4.65048
4.80387
5.74428
4.66713
4.7599
4.58248
4.75386
4.82312
5.45274
4.61384
4.97493
4.87643
4.95628
4.77494
5.14837
5.35835
5.78747
4.69102
5.02809
5.0463
5.45624
4.50335
5.0994
4.87212
4.86393
5.13253
5.16939
4.57157
4.61262
4.76769
5.61836
5.27666
5.90623
4.95435
5.03164
5.36111
4.69885
5.37959
4.90203
4.71528
4.77762
4.93695
5.27047
4.72482
4.98548
4.74854
5.25067
4.68813
5.27569
4.71429
5.2624
5.29717
4.96392
4.19405
4.81886
5.14147
4.989
5.33638
4.76543
5.01025
4.8992
4.62939
5.02825
4.74873
4.40218
5.00215
4.48528
4.87246
5.8394
4.40658
5.05714
5.805
4.87809
5.47383
4.7318
4.98469
4.39833
5.40479
4.52311
5.20159
5.04187
4.79205
5.38079
5.19444
5.26102
5.02517
5.21734
5.50738
5.01491
4.7667
4.9256
5.1921
4.51328
4.85354
4.4827
4.43237
5.11903
4.65504
4.65951
4.98591
5.17817
4.44779
5.33521
5.17039
4.92853
4.91251
5.23542
5.55761
4.49091
4.73475
5.70945
4.7047
4.72466
4.65275
4.39159
5.10448
4.69409
5.14878
4.82291
5.45983
5.43822
5.08926
4.79282
4.85829
5.06895
5.09086
4.70887
4.56382
5.46947
4.97986
4.34327
4.52539
5.2111
5.01357
5.09305
5.20092
4.28588
4.97517
4.95378
5.32668
5.01406
5.16305
4.89479
4.58132
5.66199
5.18526
4.62393
5.10745
4.63114
4.75639
4.47646
5.0727
5.64147
4.90688
5.30849
5.27536
5.14993
5.16205
4.60277
5.15425
5.553
4.84796
5.07657
4.7624
4.43872
5.14709
4.66265
5.25207
4.81166
5.16658
4.72836
4.77991
5.61285
5.07088
4.98563
5.15336
4.56541
4.65636
4.53762
4.81453
4.98986
5.1944
5.1253
5.54829
4.66281
4.761
5.09712
4.77887
5.7613
4.68878
5.13333
4.44224
5.39048
4.86265
4.81051
4.74904
5.01564
4.59151
4.86528
4.6202
5.85882
5.07621
5.14068
4.80575
4.78475
5.25796
4.93826
5.20884
4.6678
5.54325
4.9621
4.8269
4.75536
5.00196
4.73285
4.71657
4.58096
5.08971
4.3755
4.50146
4.56311
4.46475
4.85467
4.44571
5.02901
4.99014
5.07416
5.71605
4.83148
5.12424
4.62125
4.88313
5.04872
5.50074
4.55707
4.9397
5.03745
5.3838
5.37827
5.10902
4.57702
4.98754
4.1608
5.61721
4.81817
4.83316
4.63169
4.51133
4.83923
5.49089
4.83488
5.50789
5.10333
4.52174
5.31496
5.07673
5.38064
5.35768
4.54716
5.22173
4.1727
4.89536
4.73302
5.07999
4.84201
4.88828
5.48494
5.32375
4.7757
4.57358
4.51028
4.74003
4.49958
4.78094
4.94068
4.09695
4.72549
5.54946
4.75655
4.84578
5.52026
5.10831
5.01131
4.6346
4.82449
4.64551
4.92198
4.73897
4.65972
5.24862
4.70391
5.5749
4.6018
4.19009
5.09499
4.69894
4.77057
5.55268
4.35599
5.40779
4.77099
4.46117
5.2233
4.74362
4.8143
5.33809
4.76298
4.65622
4.99869
4.78242
5.03504
5.39221
5.43608
5.14339
4.71046
4.60423
4.44718
4.85942
4.73695
5.63377
4.81096
5.4112
5.6251
4.90744
4.94775
5.4649
5.18882
5.17197
5.18413
4.18473
5.23572
4.95706
4.83779
4.77343
5.24323
4.78076
4.94621
5.50639
4.37503
4.66959
4.32039
4.93311
4.63827
4.88321
5.17607
4.97582
5.14615
5.02895
4.47438
4.74141
5.09299
4.97756
4.65507
5.30953
4.43845
4.13924
5.22877
5.61598
4.41566
4.51993
4.95619
5.22922
4.57426
4.84716
4.65307
4.81377
4.50832
4.62707
4.49099
4.36986
4.79107
4.4893
4.72317
5.05632
4.43794
4.5358
4.87516
4.85733
5.03301
5.03795
5.18601
4.83473
5.52987
5.04873
4.7128
4.89475
4.86776
5.01116
5.05989
5.29132
4.27513
5.53513
5.44642
4.09817
4.90695
4.77431
5.06631
5.13267
4.5857
4.6272
4.91418
5.41489
5.01108
4.71534
4.64826
5.44068
4.66056
5.13407
4.5336
5.38321
5.07878
4.82699
4.87539
4.62517
4.65849
4.68575
5.09328
5.07274
4.75278
4.65306
5.0216
5.5469
4.95546
4.86274
4.78788
4.46493
4.78662
4.78242
4.83389
4.82636
5.19448
4.83731
4.61778
4.68983
4.73168
4.19146
4.82176
4.98126
5.19161
4.85516
4.95581
4.98719
4.94866
5.12952
5.21991
4.73306
5.01386
4.94347
5.67107
5.06559
5.60234
4.81703
5.17808
5.65285
4.89663
4.68077
5.04468
4.93181
5.05796
4.55768
4.98266
4.85918
4.64245
4.95785
4.4775
4.61833
4.57657
4.7236
5.06365
5.07428
4.72544
5.08184
5.0292
4.66067
5.17627
5.07743
4.46351
4.78841
4.37087
5.04289
5.03276
5.11264
4.57283
5.674
4.45263
5.36176
4.3945
4.65314
4.84642
4.19729
4.90127
5.34361
4.81212
4.89367
5.19751
5.30207
4.3727
4.95498
4.88944
4.4554
4.72594
4.50944
4.71016
4.54045
4.67717
4.64748
5.05492
4.89967
4.60514
4.3611
4.95549
5.65102
4.85932
4.66939
4.96855
4.68129
4.88889
4.56792
5.23038
5.85567
4.9794
5.55032
4.50616
4.96683
5.19751
4.59806
4.89357
4.88354
4.46777
4.91639
5.24207
5.31937
5.58302
5.54835
4.53637
5.35375
4.50566
4.50312
5.23643
4.79938
4.40713
5.23418
4.90855
5.16265
4.99939
5.33313
4.85796
4.91709
5.04577
5.49243
4.39849
4.77253
4.54608
4.97716
3.94544
5.19358
5.4996
5.83535
4.64744
5.14965
4.55642
5.52201
5.14777
4.40872
5.30624
5.07118
4.86859
4.67398
5.01929
4.65135
5.07584
4.7678
4.98056
4.76521
4.87241
4.3784
5.26354
4.62122
5.3561
5.27347
4.94436
5.22664
5.07194
4.31976
4.54156
4.52965
5.20851
4.99155
4.86503
4.72062
4.6695
4.66621
4.9225
5.78528
4.45976
6.03893
5.35214
4.88733
4.99882
5.30109
4.96216
4.87955
5.01008
5.28728
5.28581
4.58881
5.36795
5.38968
4.75036
5.38224
4.5139
4.87834
5.43845
4.82688
4.85766
4.74526
4.59538
5.00249
4.73327
5.30215
4.41241
4.77392
4.69694
4.55817
4.48034
6.02342
4.52561
4.98146
4.60014
4.45976
4.50855
5.79993
4.57901
4.45662
4.59323
5.08565
5.28759
4.88169
4.56562
5.01518
4.95117
5.60261
5.48799
5.38269
4.50054
4.8112
4.7556
5.13398
5.47063
4.44961
5.1294
5.04631
4.87182
4.56818
5.21786
4.63895
5.22601
5.50422
4.95391
5.2664
4.66688
4.58101
4.62765
4.39481
4.64335
4.8751
4.88501
5.18963
5.10682
5.08267
5.03704
6.03549
5.15873
5.01178
5.09655
4.37796
4.53938
4.77801
5.51988
4.83391
5.31787
5.40531
5.36632
4.84503
4.43868
4.99421
5.37078
5.00712
5.58454
5.6464
4.72207
4.47775
5.57572
4.81861
4.45264
4.74718
4.93218
5.31571
5.43407
4.52229
4.46289
5.34769
4.99388
4.79421
5.28322
4.76942
4.77195
4.45021
5.04842
4.84162
4.6708
4.37067
5.04594
5.81594
5.01659
5.15318
5.04027
4.65625
4.72954
5.58544
5.11603
5.06119
4.5737
5.44722
5.10607
5.16894
4.76983
4.58434
4.17476
4.78499
4.97142
4.80833
4.83937
4.70004
4.30446
4.84148
5.02731
4.59782
5.00717
5.09862
4.67541
4.66267
5.21004
4.7561
5.19278
5.27186
4.65073
4.85129
4.93853
4.62143
5.1006
4.86257
4.61449
5.14292
4.78702
4.76959
5.09648
5.4934
4.80893
4.84897
5.16148
5.36842
4.6426
4.72717
4.9345
5.14883
5.42509
4.60921
5.04628
5.32184
4.70042
5.64321
5.16876
5.81796
4.71639
5.14836
4.52709
4.40776
4.54346
4.83067
4.66769
5.10411
4.80786
5.38874
5.3715
5.08186
4.87644
4.85382
4.66742
5.0566
5.07178
4.742
4.81456
4.74044
4.89798
5.09681
4.51073
4.93523
5.05085
4.70579
4.36694
5.05132
4.74884
4.31423
5.08592
5.37904
4.55988
5.02154
5.04892
4.74534
5.06544
4.67868
5.17249
5.22099
5.55897
5.27695
4.13427
4.95534
5.5285
4.51822
4.8974
5.51609
4.98834
5.62583
4.49381
5.08519
4.49247
5.0644
4.99552
4.97906
4.59845
4.62995
4.94143
5.03788
5.03961
4.49372
5.41988
5.18667
4.69444
4.89323
4.62889
4.75855
4.37897
5.29421
5.09399
5.4209
4.80986
5.01187
5.15025
5.18121
4.57852
5.4949
5.04935
4.89957
4.23352
5.00822
5.19433
4.62357
4.67774
4.71107
5.20333
4.66977
4.43052
4.86388
5.4547
4.70339
4.415
4.79153
5.32165
4.8092
4.79292
4.99344
5.00015
4.99741
4.72069
4.93248
4.3653
5.16341
5.23529
5.2326
5.17452
5.25724
4.80349
4.94191
5.28218
5.20325
4.87846
5.11421
5.2708
4.93401
5.11063
5.7057
5.16633
4.67865
5.06289
4.86777
5.13425
4.68369
5.47508
4.80783
4.00653
4.82931
4.99413
5.56637
5.19368
5.31152
4.93686
4.86243
5.01312
5.02947
4.11081
4.95497
4.93138
4.9369
5.41872
5.00728
5.24117
4.38343
5.25614
4.88707
4.52082
5.01711
5.21743
4.56734
4.66729
4.62266
4.08417
5.10693
4.27191
4.69436
5.06323
5.03841
4.91534
4.98318
5.35341
4.64498
4.80142
4.76786
5.15927
4.93747
4.48472
4.67547
4.06715
4.78408
5.17453
5.39319
5.41289
4.68434
4.45014
5.08664
4.65053
5.37922
5.0311
5.20775
4.00657
4.54024
4.93371
5.04928
4.31224
4.79476
4.54816
4.76675
5.56987
5.45345
5.10294
4.53546
4.59069
5.33438
5.88171
4.99868
5.61021
5.48162
4.89431
4.65305
5.11458
5.11681
4.98566
4.47356
4.60532
5.03933
4.32613
4.61788
4.72578
4.71651
5.39402
4.41562
5.60399
4.893
5.23309
5.08004
4.43912
5.90896
4.78633
4.63331
4.50792
4.83197
5.06675
4.462
4.6069
4.71029
4.85315
5.11461
4.77936
5.83034
4.7416
5.02241
4.80657
4.80566
4.88083
4.51011
4.44094
4.52081
4.74549
5.73337
5.01685
5.17193
4.55038
5.01538
5.19844
4.4895
5.10556
4.35607
5.56234
5.52692
5.39013
4.93342
5.21815
4.86643
4.59793
6.19481
4.21957
5.14377
5.21882
4.91305
5.05805
5.1855
5.50652
4.81601
4.64945
5.1758
4.82355
4.6052
4.69417
4.70126
4.97441
4.7725
5.02717
5.23232
5.25708
4.61214
4.67484
4.68348
4.48669
4.53821
5.01464
4.86179
4.35291
4.47819
5.01807
5.40495
4.50004
4.90815
4.86478
4.69033
4.65338
4.73442
4.87386
5.48971
4.46568
4.79056
4.43059
5.08858
5.40591
5.43253
4.82312
5.33262
5.05458
4.97237
5.03159
4.87953
5.67536
4.94687
4.45814
4.71571
4.37452
4.8838
5.40893
5.19178
5.63855
4.77954
4.7969
5.10062
5.06376
4.56721
4.98161
5.48841
4.68613
5.15728
4.64033
5.00444
5.38247
4.93147
5.32948
4.52217
4.57657
4.76829
4.87789
5.05099
4.77177
4.69251
5.0523
5.2787
5.04281
5.8369
5.37174
5.20317
4.76227
5.54021
4.89102
4.84639
5.26962
4.99431
5.42384
4.68497
4.31516
4.59894
5.73658
5.20432
4.67898
5.01452
4.75486
5.00421
5.10153
4.94248
5.88297
4.49886
5.03548
4.39757
4.66933
4.75688
4.94384
4.95108
5.26999
4.63499
4.48415
4.39256
5.11161
4.57474
4.95186
4.87833
4.84667
5.02103
4.4257
4.7023
4.69107
4.6177
4.68679
5.16796
5.09345
5.53139
5.16424
4.90158
4.77348
4.83867
4.59412
4.83889
5.11949
5.05306
4.45032
5.2904
4.25204
5.17314
4.57287
4.57144
4.71064
4.76128
4.571
4.95765
4.65667
5.07728
5.04553
4.94322
4.71265
5.15744
4.93519
5.27879
4.50139
5.06293
4.68356
4.82079
5.0725
4.63992
4.91214
4.48275
4.96772
5.11038
4.57657
4.38212
5.1217
4.5043
4.85006
5.17839
4.94362
5.66857
5.31896
4.6806
5.44584
4.88057
4.8209
5.19781
4.7995
5.05896
4.95851
5.36077
4.90075
5.82988
4.4789
5.39886
5.29958
4.44556
4.84318
5.21715
5.44379
5.15187
5.08659
4.39888
5.49905
4.91632
4.76417
5.09029
5.07334
5.04261
5.16431
5.04275
5.31313
4.91893
5.00277
4.83832
4.22047
4.46576
4.832
5.11335
4.63137
4.65755
4.42052
4.7551
5.15365
4.69677
4.76072
5.10242
4.93587
4.48748
4.73851
4.81253
4.71811
4.48716
4.27789
5.09035
4.64443
4.76657
4.6802
4.44977
5.73174
4.89924
5.33291
4.70362
4.49941
4.49381
5.0569
4.9584
4.58079
5.93773
5.39638
5.09119
4.9252
5.64874
5.12154
4.78375
5.64065
5.0065
4.96897
4.97011
4.247
4.92142
5.04275
5.05382
4.7626
4.72191
4.87039
4.08015
5.25214
4.84861
5.1213
4.96159
5.27718
4.78468
4.72386
5.01121
4.77717
4.79924
5.24249
4.2416
4.63075
5.25888
4.91577
4.97343
5.29598
4.45937
5.05455
5.03867
4.9636
4.9365
5.28945
5.10528
4.74253
4.49262
4.92626
5.05274
5.17305
4.72726
4.53984
5.36521
5.17687
4.54416
4.21503
4.77528
5.0025
4.7041
4.94934
4.82451
5.26253
4.82304
4.75138
4.74713
5.05551
5.19959
5.26671
5.86582
4.75241
4.89114
4.78735
4.49436
5.08203
4.69216
4.64042
5.14952
4.67052
4.88384
4.73634
4.79594
5.54808
5.39927
5.03005
4.93445
4.83099
4.79468
4.62844
4.98024
5.18751
4.53416
4.37105
4.77263
4.95523
4.93415
5.02266
5.13347
4.77743
4.56609
4.91673
4.24372
4.80253
4.06213
4.8038
5.07537
4.7033
5.30582
4.98367
4.61365
5.33267
4.66825
4.19964
5.11063
4.82392
4.93502
5.14737
5.17807
5.21089
5.36734
5.23117
5.02831
4.65767
4.81005
4.98873
4.6595
4.63625
4.73924
4.34043
4.76045
4.28522
4.54367
5.20927
5.22316
4.7206
4.86777
5.57644
4.59991
4.41856
5.65971
4.99999
5.04667
4.75964
5.05494
5.33217
4.9886
4.94285
5.00244
4.74825
4.84922
4.81608
4.84858
4.88493
5.38005
4.5659
4.49811
5.42133
4.62726
4.44306
4.88109
4.87855
5.03314
4.4868
4.75778
5.37291
4.64876
4.91443
5.03682
4.15811
3.73092
5.73988
4.30823
4.86235
4.94307
5.30894
5.25709
4.5507
4.85623
5.43206
5.17003
5.08588
4.22276
4.38371
4.48139
5.29265
4.735
4.17194
4.98636
4.76335
4.51059
4.54927
5.51299
4.76553
5.04692
5.45776
5.45403
4.59597
4.65978
5.17421
4.63269
5.05728
4.93428
4.88407
4.78166
5.12403
4.92773
4.77125
4.76416
5.11445
4.77167
4.93727
4.55685
4.81506
4.99265
4.81829
5.15656
5.33539
4.89811
4.67413
5.02809
5.0014
4.36129
4.78893
5.05621
5.12294
5.34589
4.80349
4.48983
4.62554
4.53728
5.00326
4.64629
5.08653
5.11931
4.84008
4.5862
4.98968
5.50552
5.52943
4.93925
4.9153
4.6208
4.71605
5.35074
5.07898
4.41162
5.04846
4.669
5.49315
4.32277
5.06139
5.23961
4.73917
5.54072
5.20627
4.87272
5.00549
5.13045
4.80082
4.79112
5.06159
4.69082
4.73092
4.84058
4.49346
4.94439
4.8066
4.8526
4.90447
4.76335
4.78928
5.4665
4.89538
4.75466
4.82323
4.67657
4.82188
4.34876
5.09916
4.97331
4.5997
4.37697
4.89161
4.94122
5.47159
4.74923
4.92573
4.82228
5.26746
4.81338
4.82634
4.40977
4.20906
4.86382
4.78436
5.54564
5.07246
5.22424
4.51301
4.92469
5.0324
4.84976
4.21848
5.4235
4.67131
4.74817
4.50251
4.68567
4.89309
5.82215
4.47031
5.68846
4.9067
5.33869
5.07097
4.29381
5.12469
5.33304
4.37629
4.77829
4.76106
5.23038
4.74076
5.09689
5.48903
5.03469
4.82841
5.05212
4.90719
4.44441
5.22827
4.7361
4.83659
5.31119
4.64829
5.1055
4.59489
5.88611
5.18858
4.97064
4.8014
4.56404
5.347
5.07124
5.19988
4.80721
4.63751
4.87174
4.95655
5.1097
5.13964
4.70864
4.67245
4.84676
4.75042
5.89428
5.24924
5.09502
5.03413
4.99988
4.95534
4.4414
4.80381
5.0535
4.66001
4.50341
4.53881
4.67222
3.97961
4.59189
4.57019
4.36917
4.74386
4.53018
4.05145
5.00633
4.42326
5.49234
5.05764
5.01756
4.68654
4.93872
4.66335
5.20711
5.07257
4.62741
4.70692
4.77417
5.29807
5.57215
5.04654
5.2313
5.22627
4.3974
4.92911
4.47496
4.62884
5.21084
4.93671
4.86002
5.07274
5.03175
5.18825
4.70203
4.5832
4.38087
4.94658
4.75671
4.63013
4.75517
4.90959
4.97353
5.27472
4.65746
4.78489
4.92635
5.01189
5.32936
4.64456
5.21759
4.60945
4.58544
4.85092
4.89894
5.09946
5.46172
5.30628
4.87364
5.00346
4.61922
5.55334
4.50532
4.12294
4.84339
4.80665
5.20364
4.88694
5.53588
5.00446
5.33862
5.10574
5.16833
4.81764
4.49506
5.00655
4.78968
4.64021
4.445
5.1311
5.76498
4.69144
4.84416
4.87674
4.94289
4.47601
4.4275
5.35004
5.08596
4.54067
4.91587
4.79738
5.14747
4.84608
5.11479
4.86992
4.33641
5.18107
4.73773
4.98541
5.69721
4.946
4.72955
4.96783
4.67831
4.84253
5.05116
4.50086
4.40769
5.61233
4.58869
5.20344
4.43623
4.76918
4.69236
4.36089
5.52121
4.36051
4.56281
4.70298
4.64768
4.76482
4.91014
4.5622
4.82838
4.88134
4.83375
5.46596
4.93968
5.16154
5.58215
4.67981
4.2252
4.82068
4.8919
4.93274
4.96347
4.63438
5.22116
4.58351
4.29504
4.92854
4.83775
5.83715
4.8661
5.05274
5.45425
5.05246
5.0693
5.28338
5.81714
4.92925
4.35523
5.12122
5.21819
4.82581
4.68085
4.66326
5.18351
5.04982
4.92933
4.5526
4.58465
5.00073
4.44621
4.60326
5.35201
4.85983
4.92688
4.77596
5.44534
4.64866
5.37853
4.7987
4.58498
4.88558
4.79123
4.124
4.95908
4.8373
4.08935
4.44108
4.7818
5.24821
5.11384
4.84991
4.61426
4.79331
4.98092
5.34301
4.61013
4.87614
4.9692
5.22592
5.06935
4.20028
4.53343
5.2643
4.72613
5.49269
5.16333
5.25987
5.08526
5.51352
5.12585
4.50578
4.49027
4.74699
4.79288
4.75197
4.41766
4.89892
4.45738
5.53276
5.22682
4.78214
4.46142
4.64268
5.12042
4.86824
5.19179
4.60547
5.00641
4.21074
5.51004
4.91296
4.84637
4.5312
4.69049
4.68744
4.61903
4.64477
4.48287
4.86799
4.40728
4.92684
5.22699
5.96082
5.24344
5.00483
4.82214
4.68904
5.40122
5.15633
5.25026
5.22055
4.67294
4.46256
5.35327
4.65946
4.81256
5.49051
5.2903
5.14357
5.13606
4.47367
4.25214
4.8324
4.87808
5.10582
4.53144
4.16681
5.04
5.51612
4.61104
4.96108
4.69557
4.18435
4.97156
4.88575
4.37707
5.25226
4.86011
4.62603
5.14371
5.12992
5.44021
4.62122
4.04266
4.98748
4.69653
4.86287
4.85575
5.44265
5.22734
4.78115
5.26264
5.18704
5.1332
4.68406
5.05402
5.12108
5.67497
4.08217
5.07529
5.43363
4.52348
4.43749
4.7717
5.36636
4.15688
4.62907
4.66961
5.44597
4.84562
4.91189
5.17398
4.84881
5.35537
5.10951
4.5714
4.56526
4.9467
4.83057
4.54024
4.69587
4.8576
4.49675
4.42323
4.7642
4.40117
4.99546
4.8361
4.7576
4.72279
5.63307
5.21102
4.62657
5.02979
5.29945
4.79545
4.8973
4.7077
5.91712
4.73933
4.80438
5.1646
4.66736
5.46632
5.13775
5.03831
4.37955
5.19854
4.98595
4.49871
4.73196
4.71692
4.58142
5.34882
4.8758
5.47093
5.04719
4.56468
5.2037
5.27715
5.05431
4.39804
4.90974
4.57245
5.59924
4.47415
5.00685
5.30224
4.89812
5.09544
5.47885
4.95626
4.93863
4.68948
4.87205
5.13783
4.9972
4.34123
4.83063
4.7373
4.99533
5.17617
4.6539
5.40375
4.87328
5.36238
4.86511
5.21966
4.9897
5.37265
4.88077
4.65011
5.62766
4.90704
4.34715
5.1305
5.61129
4.58767
4.44176
4.43486
4.80728
4.57649
5.3414
5.53753
4.46523
5.52839
5.04291
5.4888
5.00313
4.85342
4.81759
4.94812
4.54482
4.96852
5.09357
4.98115
4.7191
4.83843
5.22002
4.66384
4.59011
5.3073
4.94122
5.0501
4.94736
4.46203
4.81736
4.92691
4.57145
4.33635
4.79361
4.79259
4.83089
5.67424
5.12886
5.59574
4.38343
5.54832
4.97135
5.00661
5.41058
4.84631
4.77975
4.7442
4.24771
5.07095
5.05913
4.2535
5.25165
4.15
5.41884
4.85232
5.06749
4.92405
5.07367
5.22461
4.64115
5.36566
5.61318
4.62659
5.33374
5.34829
4.86024
4.22903
4.73286
4.76932
4.9214
4.74903
4.85841
4.43636
4.88602
4.95942
4.98927
4.92299
4.64975
5.40574
4.3656
5.24071
5.04048
4.196
4.72033
4.75828
5.09323
4.99635
5.20514
5.48917
5.20436
4.99358
4.8062
4.95133
5.34026
4.57806
5.26151
4.66394
4.89775
4.59189
5.15201
4.81718
4.58579
5.11284
4.99318
5.01304
4.56943
5.18491
4.92195
5.79242
4.37972
5.04153
5.05671
5.42229
5.37731
4.68693
4.66659
5.10057
5.31979
5.31596
5.09273
4.36263
4.89346
4.78771
5.08839
5.11378
5.01269
4.81543
3.93215
5.04424
4.81904
4.44431
5.06269
4.86312
4.37835
5.14289
4.82326
4.78639
4.90164
4.79015
5.27785
4.46198
5.3539
5.34531
4.74869
5.23636
4.63988
4.49122
5.36096
5.26677
5.06938
5.12026
4.8281
4.34417
5.03141
5.33501
4.53058
4.9545
4.80533
5.32532
4.70228
5.12798
5.00449
4.6327
5.16612
5.01745
4.86768
4.73505
5.72449
5.31961
4.94293
4.76029
4.53538
5.17699
4.45521
5.68823
4.8211
5.3614
4.12037
5.05432
5.0905
4.84313
5.72311
4.66421
4.96588
5.19073
5.6386
5.39753
4.12249
4.91198
4.85894
4.90253
4.0146
4.55982
4.73885
4.12261
4.3478
5.24865
4.83229
4.44578
5.43948
5.23506
4.92381
5.27834
5.12025
4.55974
5.30529
4.99381
5.44047
5.08893
5.34986
4.3283
4.86672
4.8478
4.60284
4.69429
4.59687
4.88623
4.55913
4.31951
4.91085
5.08612
4.88315
5.19554
4.74416
4.71072
4.55165
5.00165
5.0195
5.71329
4.89327
5.38085
5.14958
4.82301
4.56774
4.97969
5.02709
5.31092
5.11599
4.53899
4.81978
4.7841
4.79358
5.48989
5.64765
4.59188
5.12699
5.1366
5.16049
4.71926
5.38955
5.01162
4.23934
4.64804
6.2681
4.98198
4.9445
4.41825
4.54257
4.70102
4.26742
4.4679
5.06794
5.32094
5.10302
4.85041
5.02619
4.91325
4.16479
4.60595
4.06427
5.14133
4.66858
5.28487
4.71607
4.79842
5.09335
4.66093
4.3967
4.48884
5.19011
4.61178
5.48859
4.73577
5.08344
4.99193
5.01873
4.55733
4.97145
4.35705
5.59381
5.16966
4.956
5.27162
4.59196
5.54048
4.99696
4.63455
4.83067
4.81618
4.53743
4.72014
5.29285
5.39454
4.95868
5.13907
4.99607
4.84013
5.37029
4.70846
4.73398
5.35005
4.11515
4.90941
5.05485
4.65323
5.08809
5.17222
5.03813
4.7997
5.37457
4.64704
5.16926
5.19592
4.88499
4.48752
4.63366
4.76052
5.39819
4.77073
4.85539
4.5463
4.7554
5.10902
5.15913
4.89919
4.777
4.57377
4.45352
4.8492
4.56629
4.30761
4.58015
5.4543
4.96427
5.1568
5.6081
5.1326
4.96919
4.57552
4.65099
5.10781
4.90078
4.80197
4.84617
5.02638
4.89883
4.54285
5.15007
5.3721
4.68106
4.5385
4.92747
5.04213
4.60229
4.90863
4.45494
4.5187
4.69721
4.31018
4.39016
4.55702
5.01725
4.70261
5.25954
4.63742
4.63376
4.95551
5.06168
4.89908
6.00671
5.39333
5.07815
4.8685
4.64613
4.72186
4.88878
5.29383
4.49181
5.0471
4.46001
4.78135
4.81513
5.31871
5.17282
4.68723
4.12817
4.94501
5.02341
4.8208
5.28147
4.87838
4.55835
4.85968
4.9824
4.53098
4.74252
4.91551
4.61944
5.11417
4.3583
4.6331
4.49957
4.67994
4.59823
4.70347
4.22759
4.60746
4.97667
4.31581
5.01274
4.93422
5.07103
4.74979
5.20467
4.91333
5.38539
5.34276
5.28499
3.99789
4.43959
4.21947
5.41732
5.25517
4.72845
5.19883
5.29338
5.58793
4.90738
5.08049
5.23115
4.88155
5.17524
4.91189
4.2116
4.50341
4.61476
4.8753
4.85467
5.33902
4.79073
5.13995
5.07118
4.57511
4.48314
4.47794
5.53716
4.55182
4.94179
4.14849
5.13458
4.82753
4.48828
5.37222
4.74819
4.99061
5.69841
4.38326
4.7332
4.96149
5.53892
4.27133
4.81335
4.89809
4.78286
4.36151
4.71989
5.04928
5.15475
4.92875
4.27908
4.99148
5.11013
5.00905
5.13347
4.92907
5.27349
4.41911
4.68199
5.15451
4.85525
5.228
5.35899
5.1161
4.94414
4.61697
4.39542
4.78118
5.12768
4.94607
4.70837
5.13151
4.31353
5.03514
4.78733
5.3663
4.81572
4.57362
4.87082
4.55793
5.14592
5.06523
4.73875
5.01405
4.61279
4.88955
4.52136
4.42991
4.96161
4.73393
4.57952
4.86921
4.38037
5.61557
4.95218
4.48161
4.534
5.44514
4.58719
5.26556
5.2101
4.99385
5.24876
4.58243
5.10886
5.17322
5.72597
4.45299
4.5999
4.61406
4.82886
4.53389
4.55375
5.31256
5.01523
4.54463
4.25355
4.95681
5.37967
5.30393
4.66966
4.99574
5.0188
4.7132
4.35168
5.33792
4.9774
4.52975
5.0578
4.98566
5.53491
4.5897
4.77589
5.06215
4.82984
4.92258
4.99632
5.30267
5.29302
5.02796
4.84085
4.79634
4.5902
4.81582
4.94885
4.41967
5.13359
5.73002
5.17214
5.18195
4.61958
5.53698
5.47421
5.17505
5.89561
4.8845
5.37178
4.7092
4.7636
5.09783
4.70139
4.71127
4.88902
4.97196
5.22077
4.85138
5.06546
5.03618
4.60772
4.62511
5.13754
5.07479
4.20932
4.87278
4.49412
4.82722
5.21907
4.78252
4.18837
4.24138
4.78234
4.87814
4.88887
4.19692
4.66521
4.38725
4.9433
4.7234
4.94109
5.73186
4.70246
4.65138
4.45251
4.98976
4.6051
4.53029
5.08696
4.6963
4.32624
4.47928
4.79648
5.08916
5.31729
5.0442
4.86684
5.14863
4.56608
4.28097
4.8233
4.53171
5.21417
4.48314
4.46971
6.08878
4.88889
5.09389
4.95323
4.73094
4.81253
4.75658
5.63107
4.46753
4.85611
4.68847
4.99389
4.80186
5.31799
4.97356
5.12844
4.56239
4.32433
5.21988
4.9088
4.44527
4.58146
5.42626
5.0285
5.1161
4.77524
5.07684
4.72507
4.37539
4.84597
4.96584
4.82184
4.36455
4.96673
4.72523
4.31205
4.78305
4.3507
5.38734
4.71045
5.39629
4.93029
4.63341
4.6078
4.7875
4.7973
5.25458
5.47695
4.9857
3.80645
5.10539
4.75939
4.88287
5.35252
5.21057
4.69464
5.15421
5.30379
5.17859
4.4915
5.05645
4.70636
5.36718
4.63722
4.86382
4.47448
5.84077
4.19922
5.44154
4.32323
4.41091
4.58714
4.86292
4.94725
4.79207
4.93191
4.40097
4.98576
4.94833
5.16051
4.77729
4.61489
4.36939
5.24444
4.39854
4.5658
4.92904
4.36417
4.88548
4.65653
4.87224
4.76633
4.31194
5.24702
4.56969
4.48412
4.81901
5.33633
4.43274
4.5446
4.19143
5.14274
5.09755
5.22272
5.26033
4.62001
4.68865
4.90933
4.85711
5.0281
4.81783
4.8876
5.2117
4.85767
4.65674
4.87591
4.70847
4.98943
4.46167
4.95869
4.72422
4.79868
4.72854
5.05308
5.30818
5.13583
4.7652
4.98458
4.59138
5.04945
5.6044
5.07437
4.22881
4.16943
4.262
4.44751
5.64322
4.861
4.3053
5.33891
5.07304
5.21967
5.22535
4.99488
4.75786
4.123
5.08728
4.73241
4.61532
4.78329
5.13334
4.97843
5.01499
5.76017
4.99579
4.6761
4.88421
4.83366
4.71269
4.54897
4.98834
4.34504
4.80232
4.78545
5.29808
5.39991
4.76364
4.85045
4.88874
4.80594
4.80119
4.65439
5.10268
4.85513
5.07282
4.5995
5.06122
4.35329
5.03676
4.07669
5.07275
4.34682
5.38881
4.51665
5.05964
4.97337
4.42334
5.07758
5.19328
4.82962
4.93709
5.22604
4.94047
4.75946
4.86743
5.10036
4.61789
5.18624
5.14844
5.06866
5.38524
4.60443
5.46801
5.00352
4.42072
4.74886
4.91088
4.67865
4.80224
4.70146
4.66154
5.33569
5.52506
4.90209
4.90647
5.00127
4.5296
5.22826
4.69908
4.38638
5.11464
4.33221
5.13547
4.44522
4.95603
4.9914
5.31272
4.79635
5.86442
4.35651
5.60324
4.61707
4.56548
4.81502
4.54309
4.29814
5.0655
4.9379
4.31955
4.93885
5.67267
4.85226
4.1814
4.29958
4.60625
4.75452
4.95704
5.37204
4.98707
5.47963
4.82218
5.23788
4.75304
5.39457
4.64546
5.42263
4.45088
4.4214
5.27347
5.5215
4.7426
4.68457
4.9498
6.2594
4.41828
4.59013
4.85563
4.93576
4.68879
4.34234
5.19074
4.42811
5.06345
4.34959
5.00157
5.19593
4.69289
4.32987
5.52572
4.76605
4.95094
4.39302
5.26499
5.34343
4.9035
4.45659
4.56389
4.64459
4.71
5.29295
4.78524
4.66325
4.92636
4.84947
4.43378
5.26844
3.79473
5.05509
4.99347
5.30586
4.5319
4.48038
5.14869
4.26718
4.98105
4.65528
4.51185
4.71195
5.1882
4.67222
5.7358
5.35297
4.84434
4.75424
5.08878
4.89942
4.74683
4.44153
4.93652
4.10312
5.10409
5.36131
3.9583
6.0224
4.42022
4.86397
4.36165
5.01593
4.90336
4.87498
5.08296
5.04939
4.82587
4.79264
4.98333
4.53989
4.41153
5.29885
5.59649
5.09339
4.82666
4.66947
4.96164
5.12278
4.72499
4.714
4.76061
4.76677
4.86771
4.71187
4.59495
4.75399
4.73874
5.61497
5.25013
4.01246
5.15142
5.21721
5.07007
5.57832
4.84976
4.62823
4.95268
5.50538
4.89415
4.53113
4.29451
4.28287
5.34568
4.24879
4.76843
4.34505
4.98344
4.93947
4.68017
4.53338
4.21602
4.49963
4.30608
4.23951
5.05831
5.17291
4.71639
5.16166
4.78793
4.84538
5.49512
4.58682
4.93503
4.94709
4.75281
5.16355
5.07157
4.92331
4.92471
4.73066
4.86128
4.9702
4.19234
5.15458
4.84927
5.10082
4.29822
4.9822
5.11122
4.9576
4.72692
4.67577
5.70514
4.8153
4.93832
4.99472
4.65462
4.71605
4.99184
5.13729
5.14324
4.91927
4.69347
4.28819
4.90909
4.77138
4.77275
4.89533
5.76439
5.48863
4.92176
5.42891
5.20412
4.95678
3.96584
4.92432
4.81822
4.76898
5.04076
5.04409
4.62749
5.03385
4.99689
4.52887
4.70817
4.44314
5.63923
5.35625
4.73672
4.49633
4.76852
4.94444
5.51198
4.80529
5.31197
5.00884
5.07774
4.71141
4.64335
4.71312
4.86603
4.83207
5.59122
4.88728
4.58393
4.4206
4.95244
4.99107
4.89
5.35014
4.89502
4.34543
4.41722
4.48634
5.24651
4.74714
5.6921
4.9933
5.09737
4.78672
5.02409
4.97264
4.8386
4.80411
5.30886
4.73498
4.60528
5.42624
5.0697
4.93544
5.24321
4.92315
5.01505
4.97091
4.33264
4.64571
5.19445
4.88776
5.05658
4.84651
4.72708
4.98247
4.76388
4.45012
4.78294
4.41351
5.13355
4.58352
4.82483
5.26033
5.30172
4.63996
5.27393
5.14267
4.86463
5.1793
4.41437
4.30181
4.8421
4.82197
4.40648
5.01304
4.15523
4.28918
4.6156
5.00704
4.76002
5.21541
5.34913
4.83715
5.32447
4.72949
5.60077
5.43462
5.15745
4.59676
4.68248
4.88277
4.45514
4.89761
4.38599
4.54081
4.37506
4.39123
4.89705
5.11859
5.21799
5.27061
4.82063
4.56192
4.19262
5.30239
5.23116
4.80592
4.76943
5.30951
4.96037
4.81177
5.50182
4.90264
4.75529
5.51105
4.79745
5.08218
4.40483
4.87708
4.63091
5.02019
5.18409
4.41692
4.65908
4.69996
5.41702
4.45743
4.95289
5.11444
5.03645
4.44411
5.45032
5.01687
5.141
4.79996
5.28213
4.93217
3.78895
5.20868
4.39901
4.86397
4.66213
4.65878
4.98722
4.56332
5.27928
4.55767
4.8726
5.45547
3.82444
4.61683
4.60401
5.06974
4.69279
4.52782
4.9705
5.55176
5.29883
5.16711
4.79233
4.05902
5.29498
4.83527
5.28533
5.62446
4.53191
4.61517
5.38543
4.60304
4.89542
4.94091
4.92448
5.1202
4.93481
5.24811
5.35395
4.03191
4.4333
4.18056
5.66156
4.96435
5.17059
4.9585
4.58871
5.56482
5.14656
4.95239
5.08033
4.99965
5.19127
5.18788
5.37674
4.99985
4.70814
4.89366
4.70517
5.06081
4.90088
4.68144
4.40953
4.17028
5.00257
4.93366
4.60034
5.56496
5.20419
4.79164
4.84976
4.99602
4.12995
4.55346
4.5143
4.98693
5.23811
4.85804
4.97711
5.02017
4.24484
5.30933
4.91212
5.24127
4.76721
4.87205
5.40831
4.58529
4.56676
5.08484
4.73157
5.10293
4.83303
4.99558
5.51447
4.83846
5.13475
4.74535
5.00797
4.28696
4.71828
4.90268
5.17409
4.73598
5.04807
4.81978
5.56364
5.16838
4.85324
4.86766
5.14759
5.89024
5.31304
4.19175
4.852
4.65847
5.00503
5.02427
5.26899
4.54034
4.67626
5.27356
5.10946
5.09418
5.10605
4.67015
4.72401
4.82257
4.41599
4.65008
4.9347
4.4055
4.78041
4.77424
4.7984
5.9169
4.93717
4.57837
4.51796
4.65153
4.31147
5.25763
5.30752
4.77186
4.98148
4.46963
4.96461
5.07135
4.39701
5.26366
4.98157
5.44128
4.76727
4.13839
5.00569
4.31879
5.06307
4.65446
4.59747
4.91763
4.35917
5.24256
5.00395
5.16143
4.37381
5.25098
5.2839
5.20213
5.30762
4.99573
5.01908
5.17547
5.21826
4.74918
5.16306
5.0073
4.86837
5.1074
4.56429
4.97402
4.99857
4.62283
4.96204
4.64614
3.8601
4.45949
5.00386
4.77928
5.49587
5.12075
4.73163
4.91511
4.24367
4.85606
5.028
4.58909
4.66295
4.71572
4.55102
4.62007
5.13229
4.89563
4.90321
4.82015
5.24662
4.64262
4.06521
4.36021
4.67905
4.90657
4.84452
4.35956
4.02692
4.76187
5.36214
4.63831
5.42043
4.36763
5.24086
4.97989
5.4218
4.95115
4.65571
4.68741
4.74698
5.33495
5.02671
4.80457
4.49171
4.94755
4.76728
4.8772
4.78572
4.84643
4.92175
5.20079
4.72199
5.6328
4.98134
4.29845
4.8151
5.24153
5.01971
5.36351
5.34577
4.17543
5.11727
5.21844
5.50232
4.68449
5.16165
4.99776
4.64742
4.74703
5.46475
5.00154
5.84229
5.43416
5.05701
3.79583
4.69116
4.7323
4.98023
4.52357
5.01652
4.85668
5.70217
4.97093
5.03847
5.35859
4.94447
5.21184
5.11908
4.7337
5.64129
4.70473
4.69541
4.52138
4.91252
4.40524
6.19206
5.10907
5.05104
4.42939
4.85592
4.4961
5.68166
5.25419
5.28798
5.23483
4.24808
4.56407
5.50272
5.16403
5.6378
4.58979
4.88558
5.03266
5.29955
4.696
4.64449
4.58501
4.98588
5.17965
5.1779
4.55263
4.66528
5.49528
4.86925
5.14464
4.69982
4.57521
5.64076
4.40563
4.38832
5.24205
5.16991
4.77157
4.53029
4.80198
4.7494
4.9911
4.66486
4.96983
5.01212
4.26767
4.46506
4.85145
5.127
4.74784
5.35681
5.29508
4.34409
4.88446
5.05802
4.6342
5.13016
4.30768
5.10384
5.27432
5.06586
4.18615
4.69744
4.74476
4.90473
5.21532
5.16998
5.10761
4.59731
4.73298
4.73516
4.88605
5.52288
4.41485
5.2573
4.36059
4.81844
5.30815
4.72527
4.40344
5.15125
4.57948
4.26305
5.18081
4.97512
4.48184
4.34151
5.28586
4.66784
4.70053
4.71161
4.6408
5.66269
5.40616
4.63171
4.80938
4.74685
5.28587
4.45177
4.52063
5.15064
4.00435
4.35428
4.94776
5.52293
4.33899
4.93549
4.35036
5.09166
5.27172
4.40345
4.62225
4.07434
5.00384
5.06395
4.26305
5.43619
4.44242
4.61149
5.06679
4.53382
4.92529
5.80262
4.96337
5.33295
5.63684
5.80109
5.43966
4.70299
5.30148
5.20546
4.81099
4.98571
5.30363
5.12002
5.06036
4.66828
4.90491
4.49304
4.88286
4.80799
5.31297
4.53436
5.22625
4.47937
4.69841
5.13046
4.82746
4.56803
4.44683
4.2327
4.7954
4.68742
4.37799
4.61704
5.1627
4.46136
5.08998
4.60598
4.62053
5.35073
4.87883
4.4836
4.92907
4.7877
4.46193
4.50868
4.47445
5.52212
4.64291
5.17216
4.54247
5.02342
4.71336
4.67799
4.37817
4.68126
4.8647
4.59644
4.90162
4.62455
4.54994
4.85109
4.53431
4.56902
4.70318
5.28336
4.76892
4.74182
4.59299
4.94631
4.88069
5.32604
5.35366
4.38477
5.10552
4.88524
4.90762
4.07702
4.40242
4.76069
5.19232
5.4581
4.71384
5.60617
4.96075
5.21302
4.63559
5.19755
4.99976
4.80791
4.92703
4.83529
5.18608
5.10172
4.85265
4.78029
4.59078
5.2065
4.98647
4.64182
5.40313
5.09229
5.04412
5.23583
4.73531
5.66114
4.8289
5.53474
4.92999
4.87192
4.4893
4.8654
4.69006
4.68754
4.71923
4.93459
5.36675
4.95124
4.79616
4.50952
4.8953
4.80093
4.57211
4.95237
4.47621
4.96124
4.64679
5.04048
5.80933
5.44223
5.2893
4.83955
5.54137
4.17477
4.22651
4.60563
5.45215
4.77199
4.14825
4.84218
4.73969
5.35418
4.62764
5.30519
4.67371
4.83975
5.07161
5.38972
5.18723
4.95044
5.18333
4.91563
4.52897
4.84951
4.85857
4.89618
4.62222
4.74436
4.54581
5.35312
5.15099
5.07996
5.17325
4.98081
4.09956
4.97819
4.57437
4.56235
4.53671
4.93293
5.23466
5.4111
4.85062
4.89442
5.2435
5.37922
4.37399
4.30503
4.82767
4.7539
5.0213
4.78488
4.44897
4.13188
5.4562
4.97754
5.37972
5.2151
5.25772
4.4984
5.23953
5.04393
5.09458
4.85313
4.34639
4.30744
4.871
3.96663
4.99615
4.42476
4.90629
4.46329
4.42732
4.94203
4.74318
4.89375
4.97157
4.5558
5.04916
4.47351
5.34893
5.58064
5.18391
4.78776
5.00945
4.68363
4.67196
5.50171
4.83594
5.0116
5.4526
4.56046
5.30724
5.01431
4.3779
4.73188
4.80137
4.80139
4.91953
5.36903
5.0485
5.34501
5.27287
4.69799
4.66799
4.71996
5.03442
5.33996
5.01285
4.87523
4.64155
5.32937
4.61649
4.50288
6.42179
5.10391
5.00324
4.78185
4.49738
4.56806
5.86624
4.25001
4.9338
5.28397
5.29074
4.73047
5.0552
5.28188
5.20895
5.11116
5.03778
5.25989
5.1817
5.18511
4.64372
4.98842
4.4755
4.76151
5.41669
4.53871
5.02749
4.72347
4.86805
4.65305
4.55487
4.68842
4.93367
5.05712
5.54108
5.50695
5.30381
4.56669
5.02731
5.14334
4.65977
4.91533
4.78425
5.36618
4.85646
4.36606
5.26359
4.01235
5.72254
5.03021
5.48984
5.3863
4.62868
4.33447
4.31563
4.65165
5.40022
4.89614
4.66742
5.28307
4.51249
4.22895
4.79429
5.13187
4.73735
4.63516
5.03309
4.71956
4.37
5.27457
4.77688
4.11441
4.75396
4.79894
4.57312
4.41661
4.4547
4.93914
4.31408
4.3071
5.14934
4.80208
4.76317
4.59889
5.40848
4.64053
4.69148
5.1305
4.64567
4.65861
4.6004
4.88343
4.63882
5.18983
4.52818
4.7332
5.4184
5.05626
4.80175
4.1654
4.96595
4.92285
4.5841
4.54897
4.02896
5.29009
4.85755
4.68384
4.34445
5.26168
4.72378
5.12168
5.74728
4.37044
5.07065
4.9226
4.65697
5.15781
5.18722
4.62566
4.99555
4.996
5.11324
5.33446
4.90276
4.66295
4.45968
4.83895
4.99459
4.62214
5.10505
4.10838
4.85034
4.63003
4.76829
4.94003
4.65292
4.59269
4.56921
4.2344
5.05733
5.08282
4.60482
4.61317
4.38398
5.23819
4.82834
5.33284
4.69153
5.58441
4.64446
4.8273
5.14602
4.63014
5.22822
4.94096
5.24601
4.64121
5.40997
4.52853
4.84729
3.97398
4.31164
4.41698
4.62848
4.95346
4.6355
5.14487
4.2314
4.94772
4.88094
4.61399
5.19286
4.43113
4.61112
6.08023
5.64986
4.87314
4.95184
4.91538
4.60395
5.29427
4.48429
4.25604
4.99209
4.05594
4.83481
5.33852
4.97972
5.14215
4.56308
5.14608
4.51965
4.88179
4.33538
4.6731
4.71098
5.301
5.19139
5.21753
5.2445
4.5145
4.95937
4.50376
4.405
5.0253
4.68307
4.06904
4.68532
5.2151
4.96634
5.80074
4.55365
5.42795
4.59
5.17946
4.65295
4.62338
4.60816
4.92536
5.23365
4.42192
4.34113
4.99044
4.5671
4.88727
4.93333
4.99509
5.03744
4.88734
5.04564
5.42664
4.76221
4.72371
4.34789
4.29731
5.03043
5.15055
4.26622
4.5972
4.61867
5.17661
5.02895
5.22628
4.977
3.70955
4.94979
4.75562
4.71905
5.30853
4.40942
4.56082
5.43938
4.7308
4.31994
5.36704
4.98818
5.50202
4.68307
5.31599
5.05095
4.87403
5.22717
5.22599
4.63742
5.10175
5.59253
4.74342
4.82902
4.36714
4.88653
5.40553
4.57881
4.58157
4.92978
4.43499
4.91714
5.99301
4.88246
5.32383
4.4839
4.92695
5.06825
4.94636
4.93501
4.845
4.9103
5.39374
5.16071
4.83137
4.75957
4.93817
5.06214
4.79609
4.91899
4.7703
4.91622
4.91268
4.85368
4.49013
4.54198
4.65724
5.40985
5.50721
4.62325
5.11645
4.71553
4.6194
5.15736
4.54606
4.40492
4.78492
4.57192
5.09443
4.43444
4.3492
4.70305
4.57919
4.60225
4.53764
4.9025
4.96796
4.92577
4.88895
4.87106
4.67549
4.51679
5.16419
4.56434
4.91917
4.71717
4.38578
4.93265
4.7668
4.89737
4.4469
4.79661
4.90527
4.31542
4.89273
4.83253
5.10648
5.15933
4.32759
5.23004
4.51729
4.95725
5.07761
4.55195
4.74205
4.65049
4.81652
5.14285
4.9711
4.74705
5.1634
5.13431
5.04923
4.74024
5.06912
5.06761
4.8402
5.29488
5.22031
5.11799
5.5317
4.80961
4.42012
4.84118
5.23995
4.44102
4.7289
4.83763
4.99812
4.76597
4.62972
4.9276
4.75844
4.96504
4.137
4.96642
4.8792
5.35425
5.06658
4.51206
4.55564
4.95263
5.35897
4.73277
4.78582
4.64709
4.28664
4.80922
5.13356
5.25794
4.97731
4.32827
4.5268
4.54298
4.25119
4.7647
5.13571
5.09754
4.41962
4.24484
5.08335
4.60962
4.5669
4.45106
4.81444
5.19429
4.78753
4.5331
5.30661
5.20073
5.23645
5.31381
4.61999
4.43921
5.06069
4.97419
4.4034
4.55101
4.61366
4.05919
4.59917
4.61986
5.21304
4.57929
4.68725
4.94907
5.24045
4.44503
5.0991
5.00261
4.99778
4.18537
5.07511
4.53056
4.34576
4.99125
5.56828
4.76435
4.90225
4.78105
5.25762
5.68209
5.04053
4.14266
4.46892
5.33944
4.89096
5.05097
5.04394
4.93593
4.73403
4.89407
4.6367
4.82939
4.31098
4.87053
4.3956
5.02616
5.50564
5.01389
4.69548
4.60745
5.02744
4.37249
5.24422
4.18824
4.79047
5.50142
4.85978
5.27916
4.887
5.21347
4.38253
5.03527
5.07064
4.95155
5.37467
4.67697
5.09088
5.18507
4.69424
5.01987
4.77847
4.18293
5.45489
4.86542
3.83729
5.32683
4.51112
4.96518
5.14618
4.56335
5.04482
4.85356
4.56562
4.86754
5.46694
4.62303
4.41004
4.6307
5.10567
5.06266
4.75881
4.87036
5.05666
4.73876
4.57389
4.66384
4.62681
4.71145
4.52904
4.8287
4.14137
5.30888
5.07469
5.42166
4.46111
5.26128
4.67676
4.75059
4.34573
5.5393
4.61361
4.40306
4.61505
4.94766
5.0037
4.4639
5.53441
4.4095
4.45185
5.17733
4.53097
5.09242
4.72792
4.3831
4.96959
4.75248
4.94728
4.62798
5.33566
5.1276
4.65346
4.97411
4.78601
4.528
4.18396
4.9597
5.33436
5.30352
4.26473
4.96321
5.42986
4.24895
5.07
4.78071
4.45954
4.44268
4.79533
5.38032
4.50477
4.57928
4.6032
4.64049
4.91536
4.97227
5.31534
4.56116
4.34882
5.3059
4.88141
4.53121
5.27372
5.55413
4.56597
4.57828
5.05831
4.30182
4.94046
5.30324
4.44558
5.10016
4.99939
5.1358
4.26817
4.79001
4.53644
5.12114
5.1245
4.91277
4.38129
5.17788
5.02003
4.81007
5.05112
4.72631
4.87614
4.94961
4.44763
4.59124
4.83496
4.67718
4.94851
4.64318
4.7564
5.24711
4.74051
5.36712
4.68902
5.08334
4.86747
5.28383
4.73736
4.55829
5.33734
5.14676
4.77091
4.64909
4.85516
4.78911
4.66024
4.674
4.53773
4.99747
4.52161
4.15842
5.20674
4.37863
4.90062
4.52919
5.39995
5.08791
4.55962
4.36172
4.85482
5.4482
5.16063
4.66727
4.87716
4.3561
4.95704
4.3665
4.93265
5.6523
5.0402
4.63206
4.65741
4.65797
5.33944
5.44318
4.42682
4.83233
5.15204
5.1608
4.66938
4.98785
4.85636
5.06864
4.81613
4.83932
5.20997
5.14507
4.60278
5.03573
4.63549
5.00006
4.49818
5.00367
4.97461
4.46517
4.52264
4.58444
5.31672
4.50087
4.44914
4.37481
4.76068
4.9241
5.1154
5.43124
4.97982
5.02773
4.42103
5.07165
4.77651
5.04352
4.59353
4.91648
4.98821
4.97905
4.59302
5.74902
4.16524
4.69209
4.57792
5.36656
4.77708
4.93818
4.87088
5.18996
5.76202
4.92894
4.78458
4.68185
4.39969
4.41834
4.70699
5.06765
4.17215
5.24259
4.88285
4.72002
5.17228
4.57032
4.98029
4.97801
5.12446
4.44887
5.54202
4.46439
4.77366
4.8998
4.34604
5.36989
5.28499
4.81568
4.62973
4.81015
4.64356
4.69026
4.55449
4.97098
4.52334
5.40749
5.2617
4.88504
5.59487
4.72451
4.80362
4.41689
4.98491
5.10154
4.87584
4.67218
5.05713
3.74923
5.17324
4.48805
5.30146
4.37737
4.4853
5.19346
4.99178
4.94835
5.29266
5.17197
4.71942
5.51936
5.0942
5.03773
4.60191
4.22945
4.87913
4.93676
4.03194
4.86652
5.09261
5.30602
5.82049
4.50687
4.94309
5.15811
4.29608
5.67199
4.76186
4.40116
4.56082
4.77397
4.83554
4.8916
4.8337
4.98104
5.55364
5.01888
4.8577
5.21297
4.69447
4.41836
4.76766
4.95154
5.07855
5.04124
4.69058
5.32126
4.58614
4.86446
4.6252
4.76625
5.40005
5.18078
5.01128
4.34264
5.48105
4.40591
4.60789
5.31331
4.26237
5.52258
4.85587
5.4998
5.24971
4.78124
5.28782
5.56825
5.27095
5.06484
5.11979
5.01231
4.81661
4.85739
4.79223
4.87358
5.29004
5.63694
4.71462
4.73599
4.26141
4.85558
4.12452
4.97723
4.7679
4.90727
5.2002
4.97498
4.84369
4.92826
4.4063
5.49351
4.66943
4.90397
5.42611
4.86614
4.66424
4.45426
4.97264
4.88479
4.47532
5.5604
4.72068
4.591
4.23265
5.17804
5.08201
4.69307
4.56265
4.95363
4.47685
5.16482
4.67646
5.26003
4.92635
5.00251
3.64771
4.80119
4.54836
4.6663
5.16947
5.09643
4.59651
4.96049
4.7556
5.41777
5.19554
4.81923
4.70745
4.3923
4.65923
4.31727
4.75833
4.57138
5.18463
6.08459
4.92159
5.05773
5.27426
4.33397
4.6595
5.49266
4.54338
5.14073
4.93984
5.00787
4.79246
5.06511
5.04794
4.73753
5.53089
4.68575
4.71293
4.22584
5.30265
4.8131
4.44092
4.24124
5.25448
5.29572
5.26206
4.27976
5.63154
4.89981
4.49282
4.30958
5.46608
4.55757
4.22584
5.24137
4.58874
5.19507
4.69696
5.05961
5.10152
4.45267
4.95441
4.87183
4.60262
5.56395
5.00147
4.5218
4.90173
4.8124
4.58571
4.43304
4.48153
5.24009
5.09176
4.75653
4.94941
4.52728
4.88973
4.59161
5.58415
4.56974
4.54223
4.87042
4.77013
4.77024
5.00711
4.91715
4.99928
4.554
4.98852
4.59356
5.02784
4.86173
4.6571
4.98709
5.30733
5.0111
4.68336
5.29399
5.24137
5.04564
4.48629
4.54252
4.88429
4.93613
4.5641
5.3837
5.02512
4.53957
4.48509
4.71716
4.99918
4.61313
5.49492
5.16781
5.57899
4.24059
5.35297
5.4229
4.14643
5.37128
5.61276
4.78308
5.17824
4.97546
4.78698
5.09274
4.85276
4.58156
4.8166
4.93519
5.26496
4.29486
4.80125
4.5608
5.2577
4.66115
4.98135
5.0908
5.10982
4.36496
4.86606
4.85962
5.05845
4.9429
5.49442
5.39174
4.92183
5.07028
4.7062
4.93346
4.89406
4.55299
5.15937
5.23981
4.18989
4.73447
4.94883
4.70752
4.36676
4.36858
4.72998
5.10431
5.48339
4.97197
4.59449
5.0594
5.06136
4.74778
4.62866
4.69227
4.55941
4.2509
4.82185
5.14107
4.96676
4.70892
5.3167
5.4823
5.02223
4.91278
5.34715
4.50562
4.28885
4.99399
4.65365
5.019
4.83198
4.96459
4.32426
5.38521
4.77258
4.47991
4.19344
5.25465
4.20602
5.17831
4.38989
4.22828
4.68706
4.62891
4.76042
5.02738
5.10786
4.64172
4.55156
5.21812
4.21701
5.13814
4.59297
4.43314
4.65793
5.91177
5.21641
5.2685
4.70976
4.51963
5.32162
5.31136
4.56599
5.12705
4.08315
4.53783
5.25405
5.69785
4.48385
4.6403
4.81607
4.83684
4.62376
4.95333
5.46035
4.66256
5.4255
5.28523
4.18929
4.7858
4.62496
5.09635
5.06582
4.50999
5.30124
4.91315
4.71464
4.74652
4.60599
4.49912
4.80141
4.80838
5.56661
3.99437
4.82048
4.57779
4.78464
4.67776
4.40487
4.64938
4.73092
4.21901
5.17927
5.30959
5.71333
5.42305
4.5323
4.82047
4.83019
4.9103
5.22901
4.59554
4.36469
4.7836
4.36601
5.2293
6.08638
4.87339
5.18805
4.9761
5.53255
5.37025
4.97822
4.26461
5.29801
4.27058
4.5336
5.06175
4.69616
5.47087
4.94049
5.04679
4.99757
5.70608
5.37325
5.07641
4.68424
5.59105
4.96756
4.33826
5.30313
4.67366
5.2931
4.81598
5.22086
4.48471
5.31971
4.37135
4.82806
5.07851
4.97117
4.61005
5.05333
4.73081
4.59441
4.65489
4.31726
5.60196
4.40862
4.48806
4.90836
4.8317
4.71479
5.00115
4.63327
4.75659
4.30679
4.86961
4.4172
4.48632
4.54201
4.92254
4.70674
4.60623
5.15157
4.88912
4.68972
4.90543
4.51966
4.47265
4.77486
4.75503
4.68895
4.58858
4.39717
5.18478
4.97711
4.78959
4.78899
5.19237
4.72535
4.76159
4.07573
4.64152
4.5517
5.4522
4.70846
4.16288
4.76055
5.09051
4.98854
4.85315
4.81532
4.65726
5.24593
4.66133
4.65289
4.30647
5.19582
4.45893
5.0591
4.58804
4.87917
5.37635
4.75405
4.64179
4.7102
4.33327
4.56969
5.13029
4.847
4.55092
4.74625
4.73993
4.52318
5.06982
4.74037
5.16236
4.94965
4.35726
4.18354
5.11174
4.3686
4.69248
5.55205
5.46947
4.75239
4.91838
4.73503
4.64163
4.57322
5.03715
4.83484
5.33897
5.08316
4.86305
5.05831
5.51182
5.24971
4.62358
4.85719
4.73341
4.4057
4.50648
4.40922
4.66723
4.92328
4.9393
5.0039
5.52426
4.54287
5.25446
4.62705
4.55301
4.97854
5.30104
4.78171
5.46911
4.6708
5.06123
4.96849
4.92669
4.58627
4.45336
4.8941
4.76725
4.50673
4.77551
4.73227
5.23264
4.96409
4.57638
5.67636
5.24043
4.60249
5.3534
6.02561
4.37796
5.40653
4.93948
4.88985
4.26617
4.27607
4.17539
4.29362
5.21644
4.501
4.25385
5.01292
4.89859
5.06904
4.5069
5.16312
5.14698
4.76451
4.5428
5.14546
5.37785
4.9625
5.01536
4.88634
4.84294
4.90646
5.12223
4.3657
5.23237
4.5079
4.46856
4.34263
5.12844
4.31955
5.0276
5.2255
4.97032
5.14786
5.34987
4.19947
4.9076
5.00421
5.15689
4.96109
5.37211
3.74506
5.30781
4.59097
5.75481
5.27743
5.46548
4.2835
4.23319
4.63374
4.23697
5.43928
5.44471
4.70151
4.64376
4.94161
4.61033
4.50448
4.64718
4.7441
4.80512
5.01382
4.92246
4.85497
4.64714
4.46407
5.59474
5.04834
4.12795
4.44152
4.99827
4.84384
5.05702
4.56185
4.87495
4.46806
3.63783
4.93025
4.57953
5.48426
5.05059
4.99768
4.5822
4.72495
4.6095
5.3997
5.86331
4.1707
4.99597
4.69954
4.58243
5.31206
5.33521
5.48714
5.0888
4.67494
5.07649
4.48267
4.76181
5.39496
4.80249
4.68435
4.15186
4.9757
5.0276
5.47727
5.37687
4.91537
4.67726
4.58681
4.88161
4.75316
4.97455
4.84931
5.70794
4.56887
5.07516
4.34956
5.12347
4.7748
4.59759
5.4713
4.87479
4.70716
4.68053
3.9478
4.76397
4.76003
4.34155
5.15483
5.05736
4.69359
4.99808
5.00638
4.96464
5.15267
4.65639
4.88831
5.25554
4.65332
4.33609
4.85582
4.94318
4.42505
4.23627
4.3335
5.322
5.21205
4.95968
5.05953
4.63903
4.79335
5.29693
4.57759
4.82278
4.35044
4.90556
4.81944
4.57173
4.48752
5.24909
4.65472
5.31438
4.81839
5.07538
4.74755
4.61799
4.48455
5.09945
4.91416
5.25228
4.7028
4.95748
4.77119
4.89886
4.25912
4.08451
4.7839
4.66596
4.9183
4.65583
4.69239
4.69613
4.72945
4.86089
4.83406
4.67261
4.72972
4.59909
4.92541
4.53123
4.70004
4.7452
4.2001
4.61366
4.64915
5.21109
4.0469
4.31601
4.5392
4.96843
4.5373
4.92286
5.28905
4.86965
5.21835
4.87913
3.67631
4.94033
4.95987
4.3192
5.14164
4.77559
5.0117
5.35994
4.39979
4.67181
4.49023
4.82416
4.80488
4.53834
4.67381
4.656
5.52335
4.19517
4.91341
5.05763
5.55284
5.0008
5.59119
4.95255
4.68494
4.86668
4.79977
5.01381
5.15072
4.76076
4.63062
4.06428
4.62709
5.49619
4.39766
4.38763
4.82776
4.58714
4.88751
4.85521
5.25398
4.72501
5.09734
4.75866
5.53328
4.90373
4.99043
5.51139
5.03695
4.54286
4.48468
4.60221
5.27807
4.51127
4.18152
4.63261
4.38596
4.66275
4.94709
4.83184
4.80319
4.31062
4.62796
5.08528
5.40595
5.37374
4.47181
4.74163
4.77181
4.68067
4.68632
3.83833
4.73615
5.45195
5.05946
5.22309
4.12181
5.66754
4.42898
5.16435
5.16252
4.76956
4.6843
4.81939
5.34548
4.88809
4.59071
4.63541
5.07873
4.87779
4.65364
4.92333
4.68082
4.73391
5.26294
4.55548
4.63847
4.47951
4.48651
5.26399
4.48463
4.99467
4.53309
5.85274
4.41975
4.31311
5.0625
5.45835
5.1961
5.07283
4.54421
4.57072
4.84125
4.71488
4.44118
5.3467
4.95105
4.57834
5.11195
4.52706
5.20723
5.71655
4.71643
4.70979
4.3679
5.32795
5.01575
5.1709
5.05355
4.73595
4.83717
4.89077
5.19125
4.94371
4.39716
4.00446
4.64875
4.96686
4.96072
4.59406
4.8416
4.9783
4.95258
4.16114
5.21
4.74083
5.00298
4.81034
5.07668
5.16689
5.16409
4.99102
5.48608
5.10705
4.75082
4.59095
4.43588
4.90055
4.65796
5.1335
4.6468
4.22876
4.30704
5.43141
4.74781
4.90862
4.91426
4.75829
4.5691
5.91099
4.66895
4.66274
4.50433
4.97499
4.64549
4.73737
4.7991
4.94833
4.60705
5.18735
4.34353
4.58802
4.69403
4.6849
5.03718
5.08306
5.09741
4.86897
5.46055
4.3582
4.55914
4.4148
5.1691
5.20048
4.67726
4.97663
4.95068
5.1107
4.95497
4.52905
5.22564
4.5597
4.62682
4.74761
4.5591
5.27015
4.88017
4.47959
4.13334
5.20446
5.2399
4.91941
5.32763
4.86769
4.36209
5.08137
4.45229
5.25498
4.79212
5.05062
5.43545
4.40797
4.69529
4.33765
4.77072
5.28208
5.19991
5.06911
4.80322
4.91418
4.69049
4.79191
4.53586
5.43992
4.84547
4.21851
5.25964
3.96937
4.36388
4.60765
4.99057
4.42262
4.68414
5.05627
4.79892
4.9606
4.91327
4.88942
5.00145
4.3422
4.57169
5.17168
4.95032
5.09488
4.72597
4.41282
5.20255
5.32262
5.024
4.1459
5.24784
5.49623
5.29213
4.75198
4.48388
4.69268
4.70504
4.80308
4.61607
4.95389
5.1914
4.19325
5.11004
4.73432
5.17858
5.29943
4.73314
4.93885
4.98217
4.80281
5.00133
5.23653
5.07323
4.89845
4.64241
4.86799
5.57899
4.62505
4.84362
4.76051
4.69102
4.68125
4.90692
4.16797
5.12259
5.17113
4.82909
4.66924
4.719
5.33124
4.78948
5.01491
5.0044
4.71351
4.74886
5.38773
4.79193
5.05011
4.9547
4.76936
5.30659
4.50584
4.5924
4.70463
5.03329
4.96114
5.15515
4.94545
5.22755
3.99328
5.87053
4.81473
4.22192
4.64405
4.26055
4.77911
4.82654
5.62152
4.72441
5.07401
4.34002
5.01987
4.40422
4.50539
5.08975
5.54273
5.18205
4.84628
5.46182
4.9831
5.42527
5.5779
4.44857
4.96454
4.63884
4.60391
4.99742
5.10178
4.29554
4.76217
4.22895
4.83356
4.52463
4.95328
4.49361
4.78765
5.03791
4.91378
5.06865
4.99503
4.40589
4.36483
5.14194
5.17071
4.11151
5.13633
4.19307
5.10348
5.17231
4.9121
5.00293
5.1007
5.22754
4.74646
5.37454
4.66295
4.96303
5.48185
5.08913
4.49855
4.44602
5.56433
5.13459
4.72105
4.56177
4.79414
4.99005
4.68118
4.39695
4.81638
4.57255
4.54488
4.54266
4.38717
4.8044
4.56274
5.28049
4.54822
5.00402
4.94979
4.61873
4.92211
4.67665
5.04321
5.00514
4.55102
5.36542
5.0401
4.76309
4.11368
4.48671
4.83301
5.33183
4.63575
4.73968
5.06177
4.73914
5.66788
4.98583
4.93352
4.42958
5.0777
4.4321
4.51163
4.68516
4.69663
4.99134
4.68055
4.80445
4.67502
5.52844
5.33407
4.43445
4.86571
4.73546
5.27938
4.73591
4.37226
4.73179
5.30993
4.60701
4.73644
4.13716
4.89135
4.38896
4.38874
4.88822
5.35429
5.14247
4.74607
5.0532
4.35294
4.56989
4.87161
4.75316
4.52358
4.28812
4.87952
4.36443
4.69146
4.7679
4.74723
4.91035
4.653
4.68975
5.00812
4.92277
4.85802
4.69583
5.44887
5.38348
4.76943
4.5914
4.46828
4.82814
4.65585
5.26806
4.72239
4.37107
4.5443
4.56206
5.3014
4.91832
4.60703
4.59388
5.55271
5.06685
4.14844
4.86608
4.42748
4.95986
4.65842
4.97085
4.60992
4.57712
4.50406
5.25004
4.8675
4.45123
4.96029
4.07605
4.91003
4.92552
4.95225
4.37416
4.71576
4.67736
4.84677
4.72069
5.26853
5.00498
5.26703
4.93861
4.23498
4.9228
5.86108
4.5634
4.59429
5.09489
4.70543
4.60935
5.10016
5.40783
4.57784
4.25961
4.52198
4.81851
4.88686
4.8242
4.67413
4.66405
4.69778
4.31265
4.27251
4.07704
5.09691
4.62946
4.44025
4.65483
4.82614
5.13634
4.51667
5.28366
4.99413
4.32278
4.42579
4.87699
5.05862
5.09135
4.6756
5.0674
4.78355
5.01807
4.24732
4.62717
4.49151
5.15854
4.9034
5.24828
4.79148
4.36738
4.41925
4.09441
4.58542
5.38061
4.92149
5.24349
4.78942
5.20794
4.75688
4.30898
4.61206
5.35215
4.55169
4.74864
4.44584
4.3917
4.80309
4.41992
5.12336
4.54762
4.95167
4.55546
4.66015
4.98339
4.60803
5.23771
4.31918
5.20371
4.72102
4.43509
4.92516
4.9159
4.64888
5.00979
5.01697
4.88447
4.89281
5.1616
4.48208
5.51081
4.91232
4.68316
4.97307
4.20425
4.5059
4.82402
4.94714
4.88753
5.23032
5.36507
5.18624
4.63568
5.42413
4.98539
4.74084
4.6366
5.17061
4.90396
5.50714
4.69052
5.24277
4.23079
4.64404
4.62494
4.45836
4.88943
5.0105
5.29163
4.51216
5.06252
4.56557
4.27069
4.3389
4.94314
4.99917
5.0631
5.15135
4.74694
5.38012
4.24576
4.58774
5.06061
4.29393
5.42707
4.64906
4.94
4.9135
4.46487
5.08712
4.75115
5.02385
4.76722
5.30925
4.75387
5.28562
5.03042
4.42817
4.70385
4.68493
4.98871
4.6351
4.67257
4.12304
4.81275
5.32537
5.46693
4.85196
4.11423
4.67979
4.69495
4.23654
5.1937
4.76332
4.98079
5.27958
5.21826
5.35836
5.75345
4.74375
5.15295
4.1008
4.43337
4.77899
4.98872
4.77457
4.98851
5.12683
4.91383
5.11194
4.81328
5.69651
5.17905
5.47483
5.40875
4.76453
4.86831
4.8179
4.58131
4.99823
4.85635
4.85302
4.46312
5.2626
4.9207
4.92109
4.24602
4.59822
4.65921
4.73291
4.69519
4.60102
5.40767
4.78567
4.95576
4.47716
4.92015
5.32465
5.28236
4.24682
4.15487
5.20728
4.70282
4.7855
4.16722
4.76427
5.12393
4.77812
4.60871
4.86835
4.79959
4.54346
4.6169
5.20504
4.90814
5.10586
4.59265
4.28237
4.86243
5.02705
5.21433
5.03139
4.91473
4.23793
4.51814
5.71139
4.72742
4.85497
4.79762
4.96117
4.79754
4.92087
4.32988
5.30176
4.75556
5.38623
4.98698
4.53128
5.65854
4.69815
4.83717
4.65657
4.88954
4.80013
4.38448
4.67095
4.28453
5.0889
4.85276
4.73292
4.95046
4.80231
4.69083
4.74576
4.99388
5.32011
4.67469
4.72439
4.69308
4.50033
4.88666
4.8884
4.85416
4.51304
4.86497
5.11445
4.9034
4.93786
4.34333
5.06961
4.61467
4.69329
4.51542
5.07907
5.2749
4.70978
4.98033
4.70944
4.5824
4.79296
5.03165
5.16937
5.40204
5.22091
4.55882
5.02168
3.86366
4.93212
4.64219
5.0014
5.14758
5.10061
4.92171
4.65575
4.45344
4.69361
3.82335
4.42762
4.83937
4.70363
4.59138
5.28463
4.57456
4.33209
4.88081
4.83539
4.61381
5.09509
4.86994
5.06753
5.45845
4.57631
4.39844
4.98685
4.88697
4.79451
4.85574
5.41486
5.39517
4.47194
5.22661
4.89601
5.60111
4.62641
5.56873
4.47848
4.99245
5.14287
4.22258
4.46791
5.14943
5.26219
4.95137
5.0962
5.06456
4.90175
3.99844
4.36847
4.82216
4.84641
4.56754
5.22057
4.47639
4.49799
4.92917
4.8068
4.79332
4.66377
4.48382
4.48448
5.0045
5.0533
5.0843
5.58187
5.06317
4.84204
4.78449
4.94735
5.33636
4.9944
4.89537
5.76355
4.74164
4.34908
4.82772
5.1531
5.08064
4.79149
5.10451
4.93621
4.84123
5.13101
5.19854
5.06938
4.62689
4.69099
5.50333
4.73306
4.75337
5.02356
4.82206
5.08618
5.16533
4.27426
4.60948
4.93337
4.98437
4.64043
4.35849
5.03619
4.81967
4.67643
5.09927
4.67539
4.19998
4.62509
4.74708
4.81242
4.8016
4.85146
5.28256
4.61361
4.49678
4.76518
4.79831
4.23299
4.65764
4.99336
6.0001
5.2323
4.62861
4.38407
4.46936
4.45557
4.3553
4.59869
5.20241
5.89188
4.4801
4.4339
4.92779
5.09092
4.89957
4.78472
4.22375
4.70139
4.46642
4.67587
4.58677
5.48302
4.62766
5.32418
5.19502
4.29726
4.51786
4.30217
4.24421
4.88114
5.20436
4.53548
4.61359
4.97987
4.13393
4.65226
5.09161
4.84329
5.21999
4.17219
4.62306
5.2909
4.38538
4.69065
5.26179
5.2709
4.50932
4.79647
4.51083
4.82804
4.72566
4.87521
4.93784
4.82857
4.99112
4.78406
4.68867
5.16202
5.07269
5.21762
4.80275
5.33966
4.77091
4.86743
4.67484
4.46292
4.15737
4.85637
4.54659
4.32549
5.54264
5.01598
5.30909
4.69928
4.91533
4.2617
4.46832
5.09627
4.56408
4.58844
4.73078
4.3827
4.50472
5.19601
5.43209
5.74876
4.99993
4.36798
4.48575
4.31593
4.57206
4.56227
4.68097
4.74356
4.90351
4.29811
4.94041
5.30012
5.45089
4.47975
4.30732
4.75157
5.4856
4.44478
4.6358
5.08066
4.59563
5.25351
4.61951
5.04567
4.73044
5.24033
4.42745
5.23703
4.47452
5.43456
5.14228
4.60398
5.17946
5.05683
5.00602
4.4623
5.16768
4.72634
5.07691
5.70177
4.34588
5.19368
4.50314
5.29824
4.4595
4.93386
4.74739
4.77658
4.98673
5.04778
4.43706
4.54621
4.69052
4.59425
4.88306
3.97989
4.69409
5.17142
4.22858
4.8279
4.89643
4.64939
5.0097
4.72251
4.61132
4.59215
5.22184
4.50833
4.65448
4.8626
4.63818
4.57056
5.02019
4.73488
4.66474
4.84713
4.2878
4.54602
5.01877
4.19797
4.66175
4.6612
4.55176
5.26144
4.79995
4.69615
4.91224
4.9772
4.8293
4.56778
4.79552
3.94032
4.7227
5.54486
4.34913
4.83814
4.82012
4.43337
4.40459
4.43941
4.67719
5.02194
4.90585
4.56983
4.30835
4.93653
4.78392
4.98626
4.91786
5.39508
5.04465
4.54111
4.71978
4.87817
4.70754
4.42311
4.70859
4.54686
5.21707
5.24425
4.68929
4.4873
5.46376
4.40517
4.69377
4.21405
4.91031
4.48805
5.28943
4.46156
4.23568
5.4332
5.02374
4.4219
5.68247
5.06889
4.53452
5.32539
4.5802
4.29685
5.18357
5.07722
4.79842
4.6308
4.97675
4.55852
4.88865
4.18106
4.9564
4.86313
4.35774
4.12015
4.79083
4.95904
4.37116
5.10913
4.09379
5.62392
4.8674
4.94719
5.00342
4.25384
4.61488
4.67801
5.0763
5.52277
5.17998
4.08155
4.61978
4.78789
4.60961
4.90271
5.45916
5.01817
4.71192
4.49625
4.92689
4.7057
4.82341
4.6599
4.49726
4.856
4.84583
4.76395
5.08081
5.37872
5.56662
5.03128
4.69944
4.88714
4.71981
4.00544
5.17845
5.33124
5.26724
5.2521
5.22672
4.61001
4.79726
4.76457
4.21239
4.75365
5.09417
5.09362
5.34711
4.47952
4.88471
4.535
4.07365
4.34482
4.6007
4.87292
4.45768
4.67473
5.14037
5.11086
4.52037
5.10207
4.82178
4.88503
5.06001
5.10268
4.33562
4.99497
5.00894
5.39273
4.253
5.12329
5.31133
4.25316
4.42615
4.91796
3.90983
4.96228
5.27909
4.89533
4.70129
4.88095
4.95272
4.7449
4.56053
4.93029
4.89593
4.47465
4.80104
4.36348
5.30222
4.88135
4.90234
4.6294
4.66764
4.61779
4.13093
4.5941
4.87398
5.04347
5.08215
5.2787
5.38751
5.07847
4.13829
4.97789
4.98741
5.04829
5.21681
5.09265
5.40299
4.41163
4.23065
5.08972
5.27894
4.95791
4.95591
4.66535
4.66549
4.56195
4.79022
4.35258
4.93976
4.95708
4.91256
4.9413
5.55037
4.62245
4.38239
5.238
4.2129
4.68647
4.98341
5.01006
4.41803
4.74304
4.23452
4.92545
4.6544
4.64863
5.05168
5.31817
4.92693
4.88726
4.99275
4.85513
4.90851
4.38565
5.31434
4.45737
4.71864
4.51747
5.51044
4.97058
4.3523
5.32348
4.84779
5.0176
5.1136
4.24539
4.49623
4.82022
5.72387
4.74252
4.98276
4.56258
5.56438
5.23862
4.45313
5.06621
4.99173
5.17399
4.72903
4.26864
5.23599
4.36953
4.65544
4.74909
4.93046
4.52476
5.61012
4.59964
4.67591
4.28483
5.33355
4.84364
5.61442
4.17633
4.19894
5.46698
4.3112
5.40483
5.07978
4.77955
5.19079
4.86251
4.30461
4.53923
4.63245
5.23815
5.51148
4.79012
4.79663
4.83074
4.64244
4.93573
4.39989
5.50622
4.39301
5.18816
4.73534
4.31609
4.89054
5.44231
4.44633
4.48374
4.56226
5.19083
6.01289
4.82322
4.56431
4.54719
4.80317
4.71994
4.72507
4.5006
4.62051
4.91646
4.71337
4.53993
4.61953
4.45089
4.83844
4.72911
4.41602
5.69258
4.98322
5.32572
4.47374
4.64651
5.12565
4.9347
4.89664
5.15104
5.13452
4.70193
4.31819
5.21762
4.95682
4.66545
4.81197
4.62268
4.6992
5.001
4.88696
4.05224
4.56453
4.61525
4.97421
4.82648
5.28527
4.56537
4.43932
4.8652
5.20607
5.1068
5.06128
5.23133
4.52676
5.12467
5.17129
4.78178
5.25647
4.53115
5.49449
5.49052
4.84258
4.80534
4.27509
4.79095
4.32981
5.1004
4.68878
4.73104
5.31226
4.97614
4.71899
4.5904
5.06355
4.4699
5.30401
5.21165
4.85081
5.07398
5.40396
4.537
4.41107
5.39086
4.8714
4.94683
4.19345
4.86933
4.65145
5.18186
5.40141
4.89975
5.35215
5.00553
4.84409
4.28493
4.78001
4.66173
4.66096
4.89744
4.53808
5.26939
4.84319
4.86911
4.92825
4.6128
4.55964
4.7939
4.66835
5.15892
4.50441
5.60638
5.13731
5.23917
4.90897
5.33821
5.54814
4.85464
4.57453
5.71238
4.55927
4.47202
4.30625
5.47673
4.75083
4.88783
4.73265
4.63082
4.9372
4.72786
5.4346
5.23433
5.50839
4.76501
4.1548
4.80158
4.50973
5.27141
4.95301
4.93102
5.16607
4.40231
4.75481
5.04516
4.55421
4.69137
4.74328
4.41743
4.61497
4.7971
4.56453
4.64969
4.71394
4.72661
4.8234
4.55608
5.13096
4.92846
4.60397
4.59891
4.58367
4.72065
4.41301
4.7102
4.60034
4.18133
4.76916
5.33856
5.19711
5.15298
4.52198
4.8
5.2588
4.86295
4.40314
5.06176
4.7698
4.9063
4.79737
4.75021
5.09126
4.59527
4.95411
5.02223
5.15939
4.53789
5.21074
4.24531
4.35419
5.26346
4.89899
5.14574
4.12562
4.34115
5.11686
4.52458
4.53729
5.68427
5.1948
4.58222
4.79254
4.64524
4.4984
5.05452
4.9946
4.95595
4.22893
4.41615
5.11449
4.66902
4.58982
4.45515
4.52007
4.24999
4.37271
5.02447
5.22385
4.39782
4.59015
5.11414
4.52229
4.61527
4.89147
5.12433
4.6337
4.79647
4.70334
4.95567
5.09461
5.02814
5.08383
4.74893
5.44096
4.2379
4.84048
4.57
4.88614
5.44222
5.0376
5.10159
5.42044
4.74599
4.73195
4.91654
4.6756
4.77353
5.11377
4.78875
4.79308
4.52347
5.24095
4.74005
5.3402
4.41922
5.28083
5.01979
4.43778
4.2917
4.12092
4.7339
4.52475
4.68096
4.71263
4.82166
4.79183
4.7422
4.74971
4.57982
4.45681
4.80005
4.54625
4.4123
4.96908
4.60572
5.05108
5.26006
5.0605
5.38414
4.12817
4.34229
4.9279
4.63029
5.16695
5.35431
4.69787
5.31296
4.90824
4.05629
4.7171
4.86865
5.21739
4.3028
4.92877
4.94648
4.1534
5.06053
4.6352
4.87984
4.69718
4.65353
5.2026
5.08465
4.2256
4.26385
5.27336
4.499
4.84189
5.09518
4.73522
4.89173
4.6311
5.21188
5.02466
4.76636
5.23496
4.36707
4.43546
5.31819
4.40905
5.05004
4.48517
4.46347
4.58786
4.56226
5.32057
4.3252
4.16033
5.41129
4.88067
5.12012
5.09491
5.33004
4.81719
4.60824
4.61547
5.38788
4.94769
4.95739
4.57054
4.7333
5.31656
4.80665
4.82411
4.67561
4.99358
4.82066
4.89301
4.80089
4.71036
4.40752
5.41575
5.05931
4.30782
4.51415
4.46542
4.51404
5.13933
4.47048
4.7903
4.79727
4.88175
5.15838
5.30848
5.73794
4.20591
4.86813
5.28149
4.80762
5.03191
4.77041
4.39946
4.57457
5.0974
4.98086
4.31446
5.46748
4.87594
4.69476
4.9163
5.01654
4.91992
4.17864
4.62362
4.31771
4.87521
5.57707
4.32506
4.80589
4.10463
5.30351
5.09722
4.79582
4.26448
4.57533
4.86645
4.53099
4.31182
4.63155
4.91218
4.58364
5.0895
4.25933
4.51433
5.07988
5.08753
5.05206
4.78921
4.32127
4.74408
5.07902
4.48962
4.98147
4.61684
4.72923
4.62224
5.10075
5.04241
5.36159
4.96635
4.1799
4.80155
5.84908
5.53747
4.59795
4.92886
4.61518
4.22485
4.59262
5.34083
4.55278
4.99605
4.38167
4.94129
5.27736
4.35478
4.6788
4.93405
4.84072
4.69589
4.6618
4.52681
4.72081
4.43687
4.06406
4.94219
4.72425
4.26438
4.52778
4.66584
5.26001
5.16169
4.5755
4.90504
4.92399
4.61941
4.64456
4.44739
5.60188
5.27754
5.54076
5.25701
5.09853
4.7911
5.26575
4.90908
4.74572
4.75963
4.51915
4.22603
5.11498
4.97156
4.6853
4.97251
4.80862
4.62097
4.78703
4.87433
4.79998
4.67217
5.1455
4.63603
4.22379
4.66053
4.80136
4.71748
5.10486
4.24397
4.95531
5.30348
5.16529
4.42126
5.03566
4.51478
4.55323
4.51968
4.41478
4.49344
4.99065
4.71369
4.80364
4.90153
4.82055
4.12121
4.76588
5.08329
4.4961
5.21422
5.36277
5.07649
5.08622
4.43276
4.91413
4.21756
5.36859
4.79003
5.15978
4.83223
4.66836
5.12474
5.03088
5.18372
4.79662
4.38004
5.00131
4.51556
4.96259
4.84104
4.5189
4.93956
4.60058
4.32264
4.7648
4.95534
5.04746
4.49686
5.26509
4.33432
4.90622
4.35958
4.57646
4.94348
5.39284
4.86882
4.85679
4.19528
4.74747
4.40589
4.603
4.62885
4.75976
5.4191
4.64478
4.25738
4.04604
4.1289
5.17485
4.82813
4.5437
4.5726
4.19516
4.44115
4.14074
4.60573
4.61085
4.8151
5.08968
4.81351
4.27374
4.33741
4.91322
4.72073
4.74961
4.81201
5.11981
5.28976
4.67792
4.5679
5.06358
4.63307
4.59961
4.72329
4.63533
4.84772
5.08847
4.02335
4.98117
4.9901
4.59865
4.33716
5.09916
5.05642
4.5061
4.01106
4.92524
4.74913
4.93481
4.60596
4.96666
4.38551
4.68509
5.86474
4.40011
4.80605
4.5706
4.793
4.95488
5.13897
4.74663
4.68248
5.19415
4.73737
4.68779
5.1423
5.05741
5.01036
5.15545
4.66358
4.45326
5.09729
5.13887
4.66794
4.6052
4.71652
4.50254
4.64632
5.17418
4.53465
5.03035
5.2565
4.70975
4.95593
4.40054
4.78158
5.36552
4.9481
4.38725
4.83099
4.31088
4.80943
4.5984
4.38902
4.25612
4.71229
4.95642
5.36197
5.11007
4.36702
5.11457
4.52366
5.02455
4.69636
4.80521
4.92162
5.11477
4.6976
4.81561
4.26052
4.777
5.04841
4.50069
5.02996
4.67729
4.29386
4.85334
4.72911
4.41083
4.6333
4.61997
5.10392
5.02767
5.03757
4.78332
5.49855
4.52623
4.67561
4.587
5.22251
4.73792
4.66601
4.84813
5.45819
4.54704
4.95181
4.82125
5.0693
4.96178
4.98734
4.7159
4.53558
5.21118
4.81944
5.27862
5.02556
4.22044
4.52039
4.80014
4.32777
4.71462
4.45825
5.40592
4.62319
4.80836
4.87709
4.39372
4.54302
5.10299
5.64421
4.38809
4.87061
4.82987
5.18119
4.8075
5.18342
4.50017
5.04334
4.27526
4.31106
5.40709
5.10921
4.71549
5.13958
4.67197
5.01402
4.82821
4.47925
4.83038
4.82063
4.51967
5.00832
4.942
4.86613
5.08863
4.55359
5.45632
4.3922
4.62934
5.37475
5.22807
5.59263
5.30037
4.85883
4.64404
4.58403
4.76781
4.82881
4.65672
5.04868
5.21496
4.99699
5.13792
5.04673
4.90131
4.702
4.78677
4.83414
4.98346
4.77341
4.64876
5.10242
4.63452
4.64131
4.62603
4.26692
5.10458
4.9778
4.48055
4.71968
4.65944
4.43947
4.99852
5.23961
5.59837
4.82821
4.66357
5.1436
5.42688
4.92933
4.76999
5.04202
4.82725
4.87691
4.28329
4.78526
4.73923
5.48701
4.75179
5.13443
4.71739
4.93639
5.33577
5.29123
5.20254
5.04563
4.7892
4.71287
4.45889
4.64263
4.79265
4.67379
5.05661
5.90535
4.44677
4.32597
4.59017
4.20879
4.91069
4.58111
4.63823
4.44579
4.85152
4.25489
4.55502
5.20817
4.48684
4.79811
4.5971
4.86864
4.61017
4.95102
4.92612
4.72567
5.03027
4.90713
4.43237
4.62258
5.20749
4.89489
4.97784
4.82802
4.9145
5.0825
4.70748
4.71137
4.83474
4.76236
5.53466
4.86797
4.04904
5.00865
4.69389
4.50564
5.37151
5.36552
4.53626
4.50507
4.53616
5.40433
5.13057
4.76139
4.3387
4.88235
5.19185
4.46567
5.16705
5.3738
5.21788
4.80078
4.48084
5.34676
3.85476
4.89784
4.69871
5.50312
4.66888
4.31116
5.61108
4.65011
5.34374
4.52023
4.72842
4.39602
4.78401
4.08686
5.0594
4.88131
5.059
4.86812
5.07614
4.87013
4.61051
4.77801
4.65978
4.62819
5.00909
5.04219
4.74257
4.84169
4.55365
4.74925
4.78626
5.6971
4.95417
4.69179
5.13899
4.79338
4.93486
4.3297
4.94696
4.13026
4.28789
4.76954
4.36451
5.14769
4.74775
5.14766
4.68531
5.25858
4.64773
4.77732
4.88248
5.2422
4.41958
4.90489
4.42206
4.7889
4.64036
4.48034
5.20064
4.52835
5.12104
4.3339
4.71646
4.39784
4.87297
5.48131
4.83872
5.50618
4.87474
5.29799
4.5565
4.61588
4.70303
4.79234
4.87958
4.98018
4.42203
4.7633
4.52539
4.98605
4.46181
4.72221
4.98856
4.57
4.44872
5.3264
4.76622
4.99555
4.72804
4.56437
4.66008
4.97646
4.92217
4.62384
5.63557
4.3286
5.40053
5.24852
4.84201
4.55606
5.11451
4.62818
5.4172
4.99861
4.95913
4.7673
5.84344
4.66714
5.10538
4.89715
4.7794
4.47583
4.5896
4.69245
5.09556
4.49162
5.27202
4.72331
5.08918
4.72541
3.89877
5.2377
4.57893
4.86406
5.10444
4.67166
4.28098
4.53265
4.45448
4.26872
4.90222
4.86675
4.82241
5.13503
5.68447
4.85176
3.9627
4.4683
4.17461
4.64835
5.35149
4.54714
5.296
5.22338
4.76805
4.63532
4.19741
4.70307
5.04357
4.93804
4.75536
4.58964
4.25116
4.5406
4.60785
4.90505
4.5161
4.40229
4.45263
5.26917
5.25374
4.20674
5.116
5.18704
4.16069
4.68608
5.46729
4.43587
4.89038
4.51393
5.67073
4.90546
4.85568
5.05404
5.2672
4.84862
4.87538
4.6879
4.35155
5.16812
5.07625
4.82365
4.89069
4.93524
4.6364
5.2692
4.89705
4.64024
5.00193
5.39869
4.87702
5.38283
4.93696
4.6662
4.66326
4.98768
4.2165
5.02285
4.90822
5.33894
5.27127
4.6447
4.47447
4.9223
4.72026
4.52926
4.42123
4.82071
4.13971
4.88682
4.26189
4.41763
4.79622
4.76418
5.3652
4.94726
4.38354
4.50145
4.80599
4.37006
5.14918
4.55154
4.61249
5.10567
4.33524
5.51634
5.15248
5.32126
4.74347
4.62667
4.77242
4.98934
4.78663
4.973
5.20054
4.33965
4.8939
4.33242
4.30137
4.93674
4.92051
4.73753
4.58854
4.6387
4.47538
4.90107
4.92849
4.36632
5.04965
4.87296
5.32478
5.33684
5.16285
5.49399
4.46564
4.63631
4.50587
4.87054
5.24791
4.81256
5.41851
5.06418
4.57975
4.58039
5.24204
4.60882
5.08461
4.4346
4.78243
4.57614
5.19712
4.41758
4.38035
4.46034
4.51313
4.96116
5.08659
4.91217
4.31288
4.51107
5.46238
4.17316
4.5991
4.69174
4.86294
4.48576
4.39586
4.7835
5.17685
4.95022
4.90754
5.13653
5.27784
4.86213
5.02378
4.57982
4.76609
4.81751
4.42522
4.75407
4.68766
5.17071
5.53285
5.3738
5.1202
4.99396
4.02265
4.42359
5.32538
4.75618
4.05333
5.04512
5.59361
4.58005
4.96044
5.33427
4.43376
5.13353
4.33063
4.63491
4.70073
4.81869
5.50675
5.12838
4.65217
5.34774
5.02736
4.90902
4.86542
5.20962
4.99206
5.5639
4.26762
5.47125
4.34105
4.58596
4.86968
4.043
4.26838
4.37015
4.8427
4.67458
4.63304
4.84957
4.22272
4.82513
5.34846
4.87854
4.93863
4.21948
4.42125
5.10329
4.50257
4.45888
4.7959
4.73675
5.3913
5.22937
4.98175
5.26891
4.66209
4.60279
4.96427
3.94021
5.17731
4.64555
5.30105
5.25265
4.53161
4.89662
5.61726
4.37254
4.32079
4.79728
4.78223
5.12148
5.36895
4.54577
5.01258
5.68492
4.55844
5.1253
4.96461
5.17206
4.96912
4.56586
4.83256
5.12321
4.75455
4.76915
4.53776
4.9699
4.85826
4.66377
4.53843
4.92953
4.10351
4.31586
4.80413
4.57759
4.7048
4.74454
5.29481
5.27211
4.96415
4.7147
5.05705
5.20717
5.54184
4.63848
4.73223
5.43314
5.0769
4.70222
5.12695
4.89337
4.88161
4.56751
5.40006
5.59311
4.6155
4.41301
5.2042
4.42701
4.66513
4.8633
4.92465
4.5031
4.78906
5.00802
4.5086
4.76663
5.15768
4.88461
4.86386
4.65331
4.90347
5.48254
4.78458
4.97826
5.13333
4.68454
4.63341
4.59339
4.32361
4.61211
4.57588
4.43535
4.36691
4.48523
5.26029
4.53555
5.13384
4.64946
4.71333
5.17078
4.44941
4.4062
4.20066
4.50644
4.74033
4.90539
5.48129
4.81382
4.40882
5.2588
5.29958
5.50149
4.93565
4.90777
4.48031
4.5664
4.86247
4.74134
5.14953
5.05416
4.98711
4.56706
5.01949
4.40796
4.72989
5.36634
4.98826
4.63881
4.389
5.18375
4.41446
4.56798
4.81562
4.28409
4.67929
5.02519
4.58085
5.29332
5.07559
5.24133
4.13724
5.01767
5.02283
5.13343
5.21742
4.4099
4.95376
4.69896
4.54961
3.95741
4.46826
5.07082
4.53378
4.61896
4.96664
4.69962
4.7297
4.86903
4.3099
4.02903
4.78082
4.94267
5.43738
4.73949
5.27552
4.99764
4.71153
4.58736
4.73091
5.36004
4.707
4.60686
4.404
4.33841
4.90431
4.4785
5.17129
4.46446
4.95558
4.89516
4.8366
4.84492
4.89703
5.28705
4.57421
4.97417
4.66568
4.60129
4.6326
5.09607
5.0187
4.72367
5.40158
5.04796
4.76974
4.88676
4.71891
5.15724
4.20917
4.73171
4.98048
4.52966
5.17309
4.75905
4.32615
4.54373
5.66983
4.88886
4.33621
4.96378
4.3369
4.74956
4.44588
4.49212
4.75582
5.54469
4.38889
4.34829
4.93714
4.11625
5.10811
4.58939
5.05615
5.11929
5.32953
4.88931
4.94098
4.91263
5.04081
5.09209
4.22647
4.99739
4.68479
5.49348
4.65571
4.52587
5.13416
4.77012
4.70041
4.6205
4.91589
4.36475
4.96868
4.97478
5.06561
5.53914
4.35424
5.0209
4.49082
4.445
5.01
4.90495
4.43316
4.79291
4.73738
4.71734
4.35635
4.43169
4.80509
4.5538
4.47163
5.2993
5.28123
5.17377
4.65237
5.04829
5.18335
5.07327
5.23765
4.73299
4.84461
4.99309
4.53241
4.1873
4.50228
5.0856
4.81899
5.19908
4.37628
5.11968
4.976
4.90512
4.5314
4.50364
4.47711
4.70373
5.50055
4.80323
4.96124
4.8902
4.61281
4.48723
4.84016
5.03648
4.5294
4.69954
5.17068
4.68921
5.12287
4.39449
4.94987
5.05908
5.2592
5.21315
4.56481
4.50581
4.8407
5.30368
4.61984
4.88219
4.60107
5.2067
4.86911
4.37112
4.66386
4.87919
4.74649
5.63616
4.37667
4.74998
4.96783
5.08026
4.4224
4.51965
5.21752
4.30095
4.51338
5.23091
5.23983
4.58581
4.71782
5.13714
4.39716
5.19712
4.77422
4.52543
4.39608
4.81244
4.60312
5.27848
4.67508
4.74755
5.2321
5.74294
4.78997
5.12098
4.28911
4.76354
4.58079
4.5349
4.91042
4.72285
4.75695
4.78884
4.4197
4.84919
4.69818
4.81863
5.19147
5.32618
5.59276
4.97936
5.10041
4.49902
4.28207
4.72669
4.6587
4.84983
4.73083
5.44442
4.33339
4.23724
4.428
4.29796
5.90931
4.74181
4.88897
5.28546
4.40621
4.95619
5.47327
4.51829
4.45051
4.73229
4.95789
4.69381
4.38034
4.75456
4.27782
5.39387
5.15303
4.56714
4.68336
4.46815
4.69548
4.63219
4.65864
4.49078
4.9927
4.28963
5.1453
4.19346
4.55934
5.14552
4.78217
4.67487
5.04132
4.60846
5.46154
4.973
4.67997
4.43479
4.5977
4.78019
5.63286
5.3026
5.06119
4.76126
4.62018
4.44702
4.82085
4.63485
4.55463
4.79345
4.2521
5.00493
5.15943
4.30229
3.81087
4.53145
5.2442
4.69114
5.02616
4.59045
4.82884
4.22191
4.98948
5.39627
4.12681
3.66651
4.72811
5.21512
4.58733
5.26172
5.16235
4.53345
4.92618
4.02773
4.88749
5.06571
4.53259
4.68664
4.54395
4.47568
4.73225
4.27991
4.6902
4.75158
4.42067
5.08726
4.57969
4.71444
4.50142
4.72644
5.37751
4.23342
4.36944
4.43379
4.99104
4.95345
4.28748
4.87564
4.75913
4.90639
4.66132
4.25108
5.35153
4.67115
4.99308
4.18577
4.16358
4.65144
4.67293
4.96377
4.77807
4.60196
4.72505
4.53208
5.76333
5.10088
4.69713
4.28032
3.95353
4.64674
4.22631
4.94496
5.1058
4.26852
5.25865
4.65454
4.70056
4.4396
4.42307
4.56067
5.25716
4.63674
4.71619
5.12446
5.20839
4.84899
4.45045
5.16855
4.82589
4.75218
5.03137
4.51805
4.71301
4.4836
4.86793
4.87783
5.06677
4.92955
4.94377
4.61247
4.66549
4.87767
5.2929
5.04583
5.56418
4.40665
4.70216
4.803
5.02091
4.27122
4.39789
4.80297
4.52803
4.44588
5.47613
4.67048
5.20321
4.79132
5.03147
5.30054
4.33659
4.71181
5.35566
4.87067
4.69018
5.07055
4.71646
5.20718
4.90534
4.76318
4.85633
4.68978
5.52003
4.49431
4.93105
4.22492
5.20165
4.53701
4.96773
4.69442
4.74348
5.22154
4.36626
4.81098
4.65683
4.59222
4.70732
5.24188
4.30602
4.74881
4.86773
4.7592
4.55177
4.75806
5.17328
3.99421
4.96233
4.74386
5.54171
5.25125
5.3788
4.82376
4.90803
4.88887
4.60278
4.27801
5.19875
5.41651
4.73119
5.12544
4.55838
5.24922
5.23523
4.75295
5.31699
5.00353
5.31654
4.82992
4.66612
4.42778
4.91077
5.05597
4.93309
4.62111
4.75964
4.73563
4.99129
3.86573
4.73188
4.85381
4.05476
5.17921
4.51194
4.76498
4.01171
4.72754
5.06185
5.00972
4.98976
4.08759
4.55973
4.46503
4.50628
4.70263
5.1563
5.2539
5.06202
5.01475
4.58524
5.11104
4.98605
4.27254
4.65195
5.36956
4.95139
4.56203
5.06103
4.58717
4.99481
4.85455
4.53305
4.65222
4.75507
4.22218
5.33802
4.21633
4.64122
5.21054
4.11754
3.51687
5.02737
4.68072
4.65221
4.16865
5.02195
4.87026
4.93141
4.66604
5.51529
4.62583
4.86106
5.23152
4.26594
5.05572
4.90986
4.78137
4.09855
4.56059
4.86802
4.68184
4.29685
5.38861
4.28221
5.08453
4.15195
5.1177
4.10333
4.37275
4.60113
4.74506
4.16154
5.06448
4.84334
4.86535
4.73841
5.04448
4.73769
4.77127
5.06781
4.73626
4.20751
5.59005
5.1868
5.08912
4.94192
4.36905
4.86221
4.765
5.42464
4.65774
4.45754
4.60865
4.68512
4.53395
5.10757
4.84388
4.12914
4.73636
4.77503
4.22521
5.01651
4.91397
4.68142
4.5934
4.02058
4.89857
4.90164
4.90629
5.27829
5.02083
4.22905
4.20575
4.80597
4.62635
4.38225
4.72442
4.49471
4.79331
4.38664
4.74728
4.77177
5.05596
5.22865
4.76055
5.23202
5.28583
5.79888
4.43271
4.34117
4.78726
4.54522
4.70946
4.5709
4.23909
4.68617
4.68718
4.46587
4.35105
4.79417
4.66499
4.54986
4.06487
4.19195
4.88405
4.6634
5.78493
4.95928
4.79812
5.1969
4.81199
5.36876
4.80099
5.11344
5.19062
4.88649
4.81764
4.69236
4.44641
5.20524
4.4991
4.77519
4.88501
5.03497
4.76336
5.03966
4.84926
5.00132
4.59187
4.65556
4.82029
4.0964
4.57135
4.68265
4.26745
4.3678
5.40988
4.34346
5.81475
4.89116
4.31232
4.82255
4.42304
5.01665
5.20711
5.45979
5.12065
4.75257
4.45071
4.45328
5.48249
5.15211
4.86421
4.71214
4.53657
4.23405
4.43934
4.59154
4.50527
4.28847
4.59141
4.74993
4.59782
5.06874
4.44785
4.81659
4.51179
5.16019
4.72188
4.67784
4.95777
4.75632
4.40774
5.03365
5.10608
4.53783
4.38561
