15.0642
10.0928
8.52427
7.42406
7.42407
7.98448
7.73955
8.21989
8.34053
7.54031
7.45075
6.51892
7.20775
7.93521
6.40007
6.26539
6.02934
6.49477
6.47256
6.62039
6.15566
6.54358
5.74001
6.21943
5.6592
6.32159
6.06681
5.35519
5.64797
5.13704
5.63389
6.18103
6.45034
6.36251
6.51019
5.46136
5.1848
5.92686
6.17411
5.51651
5.71855
6.41442
6.03751
5.48718
5.21924
5.3448
5.79784
5.8015
5.95197
5.16797
6.19063
5.90579
6.20022
5.97212
6.00876
5.95122
5.51174
5.43684
6.07191
5.56014
5.42911
5.3794
5.3182
5.37192
5.46692
5.51444
6.13547
5.82986
5.97346
5.58085
5.51731
6.1303
5.23672
5.16117
5.36939
5.59734
4.58063
5.24751
5.77504
5.36405
5.62179
4.8626
5.68815
6.03515
5.55385
5.3607
4.63426
4.75114
5.62867
6.00348
5.64513
5.43475
4.85181
5.44675
4.95981
5.79252
5.42718
5.60102
5.10167
4.76741
6.12086
6.01104
5.74866
5.65938
5.40777
4.95943
5.43122
4.91633
5.37149
5.25176
5.65577
5.14028
5.51638
5.44857
5.71739
6.42975
5.68259
5.67229
4.89777
5.42612
5.51303
4.61216
5.60845
5.19148
5.34717
5.87284
5.28358
5.67676
5.90023
5.65999
5.78548
5.42359
5.19581
5.77652
6.98476
6.38517
5.37031
5.13978
5.68402
4.81102
5.48535
5.83588
5.25216
5.4953
5.70602
5.24204
5.83744
5.22631
5.24125
5.22883
4.75063
5.41688
5.75781
5.25014
5.7661
5.24561
5.39854
5.18483
5.22437
5.66446
4.63355
4.98779
5.26586
4.51922
5.11704
4.60849
5.69294
5.74549
5.70058
5.56262
4.66546
5.06335
4.92713
6.07184
5.17163
6.26192
5.74109
5.07075
5.5958
4.84364
4.36067
5.29793
5.19006
4.92846
5.45838
5.41166
5.96221
5.23859
5.31172
4.5839
5.57009
5.45139
6.01985
5.53003
5.25273
4.79184
4.81011
4.86919
4.75709
5.56254
5.20517
4.38339
4.80948
5.18431
5.94325
5.71112
4.60218
5.76954
5.42289
5.18245
5.55607
4.33197
5.11211
5.62309
4.9753
4.88968
5.07496
5.62694
5.20274
4.99996
5.0871
5.20507
5.50612
5.3055
5.39282
5.58396
4.74334
5.19286
5.88186
5.69671
5.09163
4.85332
5.36922
5.05704
4.51346
5.00688
4.9975
5.32137
5.20147
5.12531
5.203
5.88508
4.51003
5.41015
5.05405
4.89017
4.82404
5.20224
4.97208
5.50411
5.15354
4.80501
6.0364
4.9131
4.95269
5.77894
5.16605
5.20499
5.33022
4.88739
4.60565
5.32733
5.14558
5.03771
5.65957
4.75467
5.13272
4.51139
5.05599
5.81898
4.90671
4.95444
5.65479
4.84027
5.41898
4.87229
5.11936
4.94507
4.72749
4.90862
5.01964
5.82219
4.80328
5.15895
5.20186
4.18268
5.38426
5.1936
5.11416
4.72394
5.14321
5.56516
6.42757
4.66683
5.17681
5.45903
4.95548
4.63762
5.32837
5.33495
4.89928
4.71108
4.94426
5.22187
5.63589
4.55017
4.73786
4.91683
5.71197
4.77304
5.97269
5.37006
5.16627
4.71217
5.37445
5.1484
4.86556
5.08205
4.63298
4.83292
4.55834
5.83358
4.82808
5.18639
4.72072
5.25739
4.45169
4.80461
5.19893
5.07177
5.02823
5.28832
5.74128
4.33077
5.34127
5.0928
4.80951
5.0545
5.14701
5.03639
5.68239
4.91041
4.64319
4.68497
4.70864
5.16715
5.56798
4.32077
5.21225
5.60495
5.18734
4.87671
4.59861
4.94609
4.59184
4.96746
4.78705
5.32536
5.34309
4.53846
5.10809
4.89091
4.94209
5.0458
4.25205
4.09897
4.88868
5.19075
4.43697
4.77116
5.58629
5.01706
4.73591
5.4983
5.35594
5.09397
5.02187
5.40495
4.93271
4.84452
4.97539
5.23707
4.85103
5.4984
5.05262
5.19406
5.03824
4.8436
4.85685
4.73167
5.21385
4.50931
4.80873
5.4347
5.17568
5.19899
4.87126
4.99579
4.95097
5.00231
5.15625
5.02431
4.98463
5.36622
5.03152
4.97191
4.70894
4.86872
5.22344
5.36557
4.41263
5.73855
5.11467
5.18425
5.47706
4.47523
5.41633
5.11363
4.65471
4.98064
5.45811
5.1408
4.93617
5.17654
5.27497
4.69406
5.93963
4.55296
4.55276
4.50387
4.81104
4.81929
6.05869
4.87328
5.30322
4.9634
4.75407
5.43848
4.69901
5.21967
5.57013
4.92271
4.6328
5.19733
5.0027
4.83871
4.5397
5.39778
4.6409
4.61614
5.04298
4.74355
4.99824
4.9259
5.07029
5.2554
5.06023
4.89104
4.64244
5.44277
4.39631
4.75194
4.61065
4.63691
4.64773
4.75834
4.58332
4.92941
5.14795
5.26214
5.20174
5.05977
5.13162
5.11651
5.46501
4.57429
5.1094
4.57433
5.68848
5.6148
5.25156
5.48813
5.5259
5.45257
4.72493
4.43902
5.03811
4.79389
5.78826
4.73185
5.31049
4.85835
4.74562
4.87647
5.75682
5.0535
4.93261
5.07698
5.13081
5.88442
4.81404
5.35693
5.01844
5.46462
4.68376
4.69941
5.5568
5.23764
5.16525
4.92726
4.87707
5.51323
5.03332
5.19647
4.64329
5.10744
5.49549
5.06636
5.16063
4.55608
5.08036
5.11235
5.26507
4.89159
4.89257
4.52263
5.33762
4.9958
4.90487
4.83815
5.28953
4.73254
4.9998
4.56016
5.038
4.64025
4.28322
4.95213
4.98684
4.50591
4.91383
5.24489
5.22143
4.86914
5.44074
5.21054
4.72908
4.89967
4.67134
5.06389
5.02903
4.28609
4.39597
4.66329
4.17455
4.54142
4.77996
5.12821
5.16344
5.48901
5.07874
5.03045
4.71814
4.49471
5.53635
5.76076
4.48158
5.29466
5.42763
5.97221
5.31345
5.33278
4.85744
5.1724
5.78694
4.98891
4.76284
5.08423
5.17774
5.15183
5.3708
4.50227
5.39046
5.27806
5.30557
5.59038
4.97813
5.06977
4.6954
4.64449
5.57755
4.75724
5.35199
4.91919
4.95326
5.15252
5.30109
5.33175
5.05609
5.03681
5.16735
4.96868
4.94786
5.25738
5.12301
5.4506
5.11188
5.41082
4.54898
5.17034
5.22714
5.55844
5.57982
5.31829
4.91849
4.86496
4.80061
5.0823
4.44157
4.62747
5.29797
5.30187
4.9146
4.80434
5.25956
4.75059
4.48732
4.82052
5.24901
5.00213
4.8148
5.91563
4.96547
5.09792
5.09314
4.89659
5.79751
5.10009
5.55624
4.80042
4.69118
4.64536
5.25517
5.20955
4.7837
5.23701
5.26476
4.94619
4.45947
5.00881
4.9156
4.22707
5.35414
4.78135
4.8561
4.74881
5.18375
4.67358
4.82085
4.25343
5.69504
4.84085
5.13513
4.47116
5.21168
4.91604
4.50311
5.5624
4.39745
4.78949
4.51903
4.24095
5.83723
5.15895
4.83183
5.09606
4.53552
5.02506
5.06808
4.66246
5.20647
4.8852
5.03711
4.87421
5.31821
5.28419
4.78256
4.97328
5.55646
4.50766
4.76589
5.0613
4.88351
5.28444
5.36898
4.6244
5.38411
4.78831
4.70055
5.38823
4.67456
4.73
5.46228
5.35825
4.65286
4.91458
4.75756
4.84657
4.755
5.06422
4.92605
4.91844
5.17335
4.7642
4.85262
5.16279
4.89328
4.67391
4.88227
5.51942
4.96071
4.6314
4.92139
5.04709
5.28855
5.36844
5.15743
5.08705
5.61739
4.86581
5.24916
4.81017
5.23728
4.5471
5.04323
5.26725
4.69858
5.65874
5.97335
4.75575
6.0062
5.55789
3.89829
5.10506
5.34941
5.05063
4.45127
4.4231
4.63557
4.93727
5.59812
5.08952
4.5366
5.48258
5.1878
4.60298
4.60026
5.16371
4.50056
4.7901
5.3697
5.0953
5.09126
5.43577
4.84107
5.23923
5.07583
5.00784
4.76968
4.59884
4.88953
5.07215
5.11468
4.69151
4.77953
5.2874
4.52755
5.02853
4.78689
4.82289
5.85426
5.01026
5.35377
4.67878
4.717
5.21455
4.8236
5.47137
4.74394
4.25992
5.651
4.45934
4.38008
5.71246
4.68417
5.57716
4.79675
5.02461
4.85731
4.3932
5.26452
4.20612
5.54154
5.41553
5.13057
4.83919
5.29588
5.00405
5.5075
4.94479
4.7017
4.69665
5.17447
4.79814
4.6209
4.8919
4.25427
4.99484
5.58764
4.69417
4.74794
4.64425
5.50233
4.44399
5.19191
5.15588
4.8453
5.35878
5.34542
5.4751
5.11529
5.2326
4.20699
4.71172
5.30756
5.53328
5.84641
5.09437
4.81718
4.64705
4.52755
5.35619
4.91571
4.97587
4.61114
5.77652
4.41834
5.07049
5.09249
5.12766
5.32114
4.91819
5.6627
5.1447
4.93535
4.81082
4.76915
4.45461
5.27913
4.75117
4.21436
5.32209
4.75705
5.55521
4.39115
5.30434
5.07693
4.95286
4.66693
4.67081
4.85527
4.74587
5.36696
5.15516
4.30852
4.80527
4.75582
5.20563
5.17603
5.46691
5.17939
4.67905
5.03844
4.70548
5.16584
5.19222
4.72696
4.57338
4.51131
4.85153
5.6411
4.46057
5.03369
4.55913
4.68056
4.98638
4.54758
6.02374
4.24233
4.71107
5.04571
4.75525
5.09166
5.47638
5.27568
6.22093
4.93144
4.62432
4.78139
5.1869
4.90461
4.74499
4.81419
4.94404
4.87269
5.25002
4.77702
5.35598
4.63124
4.90555
5.32613
4.71744
5.34241
4.76499
4.78781
4.88555
4.71969
4.97335
4.24241
4.81326
5.05165
4.56493
5.42155
5.12155
4.73629
4.76975
4.62718
4.51648
4.94598
4.71497
4.95282
5.13767
5.16269
5.0854
4.28924
5.39397
5.09071
4.24286
4.9645
5.15791
4.75536
5.51858
4.70321
5.29436
5.65324
5.3626
4.99282
5.18119
5.09197
5.0727
4.47329
5.46016
4.45508
5.22602
5.0034
4.53557
4.87097
5.27918
5.22326
4.31946
4.89234
5.32186
5.75103
4.62348
5.04628
5.21574
4.6535
4.63572
5.09738
4.7602
4.50466
5.04946
5.02509
5.27788
4.80332
5.31123
5.10975
4.77336
4.66907
4.95329
4.43284
4.79392
4.71175
5.39761
5.06028
4.96087
4.97997
5.07691
5.03126
5.76386
5.04098
4.67859
4.74673
4.51379
4.79223
4.86325
4.95913
4.57914
4.02868
4.95337
4.99127
5.29372
4.93948
4.51549
4.74705
4.18378
4.99819
5.62381
4.8446
4.67714
4.95427
4.86535
5.31281
5.08164
4.4961
5.02604
5.41508
4.76299
4.75238
4.72881
5.0416
5.10533
4.7859
4.97793
4.60522
5.24451
5.26422
4.29969
4.38691
4.63035
5.09261
5.11571
4.86524
4.82581
4.85181
6.0704
4.59017
4.89029
4.91536
5.10133
5.15786
4.77295
5.12003
5.61199
5.18045
4.79076
5.54429
4.79503
4.47507
4.93405
5.10785
4.07465
4.69527
6.12283
4.64749
4.26648
5.32142
4.62666
5.63315
4.41464
4.03089
5.4596
5.16868
4.86126
5.69093
5.42052
5.28603
4.76219
5.09955
5.14949
4.79318
5.21128
4.73801
5.0003
4.77178
4.5905
4.67626
5.01772
4.74083
4.55211
5.55913
5.2295
4.44017
4.44537
4.44592
4.57329
5.15649
5.07631
4.69323
4.50509
5.01093
4.95888
5.23127
4.59605
4.3458
5.1387
5.50403
5.17116
4.83806
4.58527
4.78851
5.08416
4.40979
5.52564
5.53359
4.11854
4.92528
4.7478
5.05757
5.376
5.30657
4.30969
5.27305
4.82589
4.90063
5.03562
4.78456
4.44354
5.75083
5.07938
5.1916
5.12891
4.75047
4.19898
5.31613
4.63622
5.12028
4.97536
5.35085
4.5702
4.49177
4.92444
4.69782
5.51177
4.72318
4.98042
5.23675
4.90776
5.03743
4.92346
4.86158
4.00347
5.43814
4.49514
4.62534
4.74327
5.62928
4.62065
4.69105
4.43219
4.62051
4.83151
5.49775
4.53337
4.96965
4.86318
4.86288
4.69029
5.08476
5.32661
5.75789
4.611
4.87704
5.0433
5.49072
4.46397
5.02411
4.80604
4.85402
5.0124
5.09092
4.54108
4.5859
4.81138
5.64855
5.16741
5.86651
4.83595
4.92617
5.32583
4.75015
5.40207
4.85618
4.71174
4.75534
4.83911
5.20387
4.73018
4.91256
4.70348
5.25736
4.64288
5.27082
4.73308
5.23332
5.36812
4.92486
4.21336
4.63529
5.16756
5.01057
5.36346
4.78037
5.01773
4.87513
4.60469
5.02065
4.70674
4.25547
4.95963
4.49462
4.79191
5.8399
4.37239
5.07839
5.81758
4.84836
5.5198
4.6889
4.94102
4.34401
5.4013
4.57625
5.14744
4.90544
4.82911
5.35535
5.26549
5.2227
4.95104
5.13025
5.58139
5.01839
4.78277
4.88469
5.15488
4.50068
4.87196
4.40017
4.36434
5.10067
4.63739
4.61525
4.98533
5.13524
4.42781
5.30736
5.1088
4.96047
4.85266
5.16656
5.43797
4.55256
4.65331
5.68846
4.5615
4.65599
4.64628
4.36357
5.02608
4.72968
5.08012
4.89579
5.46306
5.46059
5.03941
4.67096
4.82151
5.04953
5.11215
4.67974
4.51415
5.4966
4.96302
4.24842
4.48716
5.09146
4.94354
5.03226
5.15609
4.23806
5.05018
4.93319
5.32906
5.01783
5.11889
4.90573
4.45271
5.59227
5.15502
4.53756
4.99651
4.57543
4.73638
4.43863
5.06849
5.6774
4.82823
5.36994
5.27712
5.1609
5.10768
4.63711
5.17314
5.47331
4.83847
5.037
4.73085
4.3901
5.09551
4.72059
5.30822
4.65139
5.16833
4.79377
4.68991
5.50678
5.00984
4.90931
4.99338
4.52272
4.64651
4.46424
4.77905
4.95695
5.16758
5.07144
5.48238
4.59644
4.76527
5.11881
4.72374
5.77329
4.6334
5.092
4.38894
5.41585
4.89882
4.84588
4.76839
4.90669
4.6776
4.85382
4.5767
5.87898
5.06246
5.18434
4.76673
4.71903
5.20545
4.84723
5.15291
4.70803
5.51902
4.85829
4.82175
4.70734
4.89704
4.72261
4.66209
4.52476
5.04373
4.34687
4.47978
4.51507
4.42492
4.79869
4.47164
4.99152
4.93906
5.02859
5.7549
4.72453
5.03812
4.66958
4.81243
4.99254
5.47179
4.61003
4.88006
4.95772
5.45239
5.44115
5.11328
4.55044
4.89248
4.14306
5.57136
4.72177
4.84126
4.52654
4.45395
4.92066
5.42271
4.81399
5.44933
5.02597
4.51821
5.31968
5.19656
5.39612
5.32456
4.52408
5.19738
4.1186
4.93233
4.61286
5.12023
4.74168
4.79916
5.4807
5.23115
4.73419
4.54586
4.54196
4.6517
4.42798
4.68522
4.8704
4.06725
4.73947
5.53776
4.79293
4.77802
5.53512
5.00562
5.01266
4.57887
4.84112
4.6218
4.8243
4.69211
4.64576
5.26765
4.59593
5.51346
4.61
4.18115
5.01941
4.72269
4.73984
5.55078
4.3564
5.41555
4.74592
4.50055
5.20416
4.74352
4.7728
5.26593
4.85149
4.62369
5.01672
4.73116
5.0618
5.40806
5.40766
5.17389
4.65013
4.5832
4.41357
4.84741
4.73339
5.6457
4.8115
5.45863
5.68585
4.88939
4.90793
5.43102
5.24501
5.17948
5.09837
4.16023
5.18143
4.96517
4.78629
4.75143
5.20831
4.80348
4.93326
5.48236
4.32925
4.71157
4.25818
4.94093
4.58305
4.81155
5.17202
4.89272
5.10181
4.98646
4.44289
4.72137
5.02801
4.90517
4.66303
5.3343
4.42937
4.10111
5.22423
5.60802
4.35124
4.44726
4.90709
5.24355
4.5102
4.92266
4.62913
4.8425
4.5101
4.56964
4.45793
4.32956
4.76963
4.50014
4.65466
4.9972
4.38101
4.57202
4.82097
4.84675
5.04489
5.0874
5.16038
4.82177
5.47871
4.97525
4.69388
4.86997
4.8955
4.98669
5.10634
5.28747
4.26773
5.39884
5.45794
4.17196
4.85071
4.68594
5.03793
5.11497
4.56625
4.65551
4.93927
5.33018
4.96688
4.68834
4.59682
5.4084
4.61302
5.0714
4.44082
5.40365
5.10034
4.81104
4.95064
4.61281
4.6527
4.59271
5.07144
5.05011
4.74197
4.59699
5.00419
5.48947
4.91119
4.82879
4.78728
4.44783
4.77624
4.89053
4.85824
4.91338
5.17887
4.82957
4.62866
4.6684
4.73577
4.11232
4.7853
4.98815
5.18847
4.7961
4.94841
4.96908
4.8521
5.02079
5.16978
4.71031
4.94137
4.93196
5.72916
5.06001
5.59115
4.6923
5.16557
5.67763
4.92343
4.62428
5.06152
4.86568
5.00782
4.58989
4.98472
4.85238
4.63582
4.98756
4.44273
4.57814
4.53594
4.66902
5.04714
5.0597
4.71946
5.06593
5.07538
4.63322
5.0821
5.03904
4.49291
4.80274
4.43009
5.01478
4.97093
5.08433
4.58379
5.7226
4.41659
5.3395
4.34546
4.65508
4.82303
4.1528
4.88767
5.29169
4.78431
4.90856
5.16843
5.28663
4.35167
4.94949
4.89757
4.4021
4.6811
4.48465
4.65661
4.51795
4.62434
4.66492
4.9668
4.8693
4.586
4.3358
4.87546
5.58903
4.85366
4.70124
4.94195
4.6849
4.87169
4.53704
5.20468
5.87693
4.96525
5.57322
4.55363
4.96359
5.1201
4.56724
4.85115
4.90613
4.47624
4.90721
5.26722
5.23088
5.52019
5.61932
4.49132
5.37605
4.46603
4.52295
5.27308
4.81001
4.36809
5.25414
4.82871
5.19129
5.02932
5.37239
4.87401
4.93223
5.02917
5.51817
4.35746
4.76048
4.54069
4.91011
3.95902
5.18613
5.53636
5.81226
4.63903
5.1886
4.49832
5.49657
5.1334
4.36112
5.28736
4.99741
4.89137
4.67987
4.94546
4.62719
5.05176
4.78383
4.90828
4.73197
4.84072
4.35536
5.22523
4.61796
5.36053
5.19593
4.91224
5.18562
5.05244
4.25754
4.53048
4.52007
5.16637
4.95247
4.88091
4.67245
4.61277
4.64359
4.90088
5.80517
4.40839
6.02987
5.32108
4.87535
4.9652
5.38337
4.92441
4.8724
5.03151
5.24071
5.31543
4.55876
5.34648
5.37696
4.70057
5.47078
4.58691
4.82685
5.42423
4.83025
4.86175
4.77683
4.57913
5.03134
4.65617
5.32844
4.35228
4.73995
4.62924
4.44555
4.37292
6.01624
4.43036
4.95306
4.64312
4.43477
4.44521
5.76087
4.56276
4.43424
4.5497
5.08004
5.29827
4.85517
4.54079
5.05964
4.92126
5.52038
5.50357
5.34321
4.50477
4.77004
4.75912
5.10265
5.45884
4.4332
5.06042
5.07314
4.90876
4.57198
5.22452
4.58511
5.17723
5.43152
4.9196
5.23548
4.61679
4.53892
4.6029
4.38278
4.53887
4.8886
4.79693
5.18884
5.13704
5.07159
4.98137
6.08084
5.21319
4.9671
5.10411
4.36487
4.50772
4.70649
5.48526
4.8424
5.31253
5.41412
5.37286
4.8364
4.39122
4.9773
5.31065
5.0056
5.60883
5.65272
4.66421
4.44786
5.58962
4.82951
4.46269
4.71305
4.89208
5.30289
5.44531
4.43188
4.44984
5.28004
5.02291
4.79039
5.26322
4.73473
4.73445
4.42277
5.0489
4.80783
4.60866
4.31751
5.04876
5.84154
5.00814
5.24522
5.05089
4.63322
4.64898
5.56568
5.09177
5.11301
4.54407
5.48045
5.06725
5.09796
4.72292
4.62247
4.14497
4.77222
4.90902
4.73592
4.76683
4.63034
4.27012
4.81696
5.00591
4.51818
5.06854
4.98658
4.64165
4.60933
5.20949
4.66289
5.19369
5.22267
4.55331
4.80629
4.93368
4.62041
5.12394
4.84473
4.6204
5.11955
4.67752
4.7109
5.15341
5.4687
4.84649
4.78954
5.12281
5.37426
4.60177
4.71188
4.95621
5.11344
5.35114
4.59205
5.03049
5.28169
4.69328
5.57532
5.16873
5.78924
4.67037
5.18335
4.48429
4.40796
4.51587
4.85018
4.56997
5.07988
4.86313
5.38279
5.26181
5.07404
4.88536
4.88684
4.67538
4.99763
5.0093
4.7304
4.76033
4.74035
4.82711
5.09492
4.45963
4.92279
5.04027
4.6478
4.38291
5.08197
4.76666
4.26657
5.06219
5.36297
4.52095
4.95247
5.01631
4.81422
5.0335
4.59092
5.18973
5.25121
5.5056
5.27718
4.14705
4.92417
5.52876
4.46303
4.86081
5.48237
4.95719
5.60749
4.41104
5.04397
4.4004
5.02289
4.9846
4.95006
4.61889
4.59078
4.81304
4.98655
5.12231
4.48542
5.29424
5.17768
4.66281
4.88641
4.53147
4.75989
4.3598
5.23564
5.01905
5.39156
4.80722
5.01786
5.1411
5.20348
4.51166
5.4071
5.04154
4.85468
4.27459
5.05974
5.16767
4.58607
4.61825
4.72421
5.18425
4.64436
4.42746
4.88066
5.5104
4.69877
4.38485
4.76243
5.34876
4.7163
4.71335
4.92407
4.98276
4.96452
4.74477
4.86786
4.34823
5.11206
5.15101
5.24808
5.13816
5.26192
4.73469
4.90218
5.30951
5.1677
4.87101
5.19424
5.21016
4.87261
5.12883
5.78221
5.22707
4.67398
5.04845
4.86111
5.09431
4.58679
5.49889
4.73108
4.04923
4.75923
5.00512
5.56424
5.19831
5.3155
4.89587
4.87967
4.96149
4.97587
4.02343
4.85024
4.83567
4.8785
5.41213
5.00932
5.21549
4.33704
5.20004
4.82641
4.45546
4.99732
5.2114
4.51849
4.68959
4.58017
4.00281
5.1045
4.25747
4.67266
5.01261
4.98269
4.86598
4.98745
5.26243
4.56137
4.7519
4.73331
5.19073
5.04179
4.4741
4.70377
4.00669
4.75873
5.15266
5.35824
5.4115
4.62198
4.46089
5.02455
4.61668
5.3775
4.98479
5.15475
3.96711
4.43947
4.92009
5.00771
4.31259
4.84888
4.49356
4.68612
5.494
5.46594
5.15012
4.46473
4.59249
5.35552
5.84961
5.00116
5.6005
5.47261
4.82372
4.61581
5.17949
5.16189
4.96464
4.41928
4.60687
4.98359
4.25924
4.61313
4.69456
4.7246
5.3106
4.37609
5.65698
4.83867
5.13297
5.03392
4.40905
5.82121
4.71965
4.64195
4.51103
4.78989
5.05024
4.38685
4.54037
4.70568
4.80964
5.06631
4.77428
5.87528
4.71802
4.9315
4.72786
4.80315
4.79736
4.46997
4.41118
4.47675
4.7204
5.73461
5.04972
5.10206
4.46566
5.00981
5.18584
4.44327
5.06626
4.36018
5.51738
5.49647
5.44495
4.86594
5.2666
4.8268
4.58524
6.16586
4.17311
5.12998
5.18946
4.84425
5.09104
5.22464
5.53838
4.76987
4.67878
5.16603
4.81104
4.50966
4.71241
4.61229
4.98196
4.79111
5.00633
5.2049
5.22669
4.5859
4.68478
4.63776
4.47451
4.51369
5.01244
4.77711
4.31146
4.40041
5.01848
5.30769
4.53659
4.9131
4.87726
4.74247
4.67296
4.74804
4.84659
5.48952
4.40638
4.73774
4.38482
5.01249
5.33839
5.40879
4.79124
5.35526
4.99785
4.97053
5.00415
4.80732
5.67338
4.91985
4.42587
4.63718
4.31103
4.92504
5.34281
5.20974
5.5383
4.7834
4.80046
5.08456
5.09752
4.51235
4.97347
5.40343
4.66932
5.15867
4.60902
5.02369
5.32873
4.8171
5.25071
4.52164
4.50711
4.79603
4.91954
5.04508
4.69372
4.66425
5.02376
5.27731
5.00275
5.83567
5.42509
5.24288
4.73603
5.52207
4.88179
4.8462
5.25896
4.95313
5.43145
4.66161
4.25066
4.58298
5.71968
5.20364
4.70409
4.9582
4.73206
4.96963
5.04368
4.94137
5.80886
4.4858
5.00841
4.46473
4.73029
4.7209
4.93824
4.97006
5.27676
4.56967
4.48235
4.34286
5.06819
4.51663
4.93847
4.8755
4.84903
5.00547
4.42111
4.69006
4.69153
4.55488
4.67408
5.25628
5.08649
5.49163
5.07458
4.90969
4.78325
4.82777
4.59316
4.82611
5.15647
5.06113
4.43001
5.31491
4.19179
5.19317
4.59487
4.5316
4.69676
4.73685
4.53246
4.96659
4.67043
5.08998
5.06951
4.87829
4.6716
5.16363
4.85478
5.23384
4.45408
5.13839
4.66292
4.79509
5.10783
4.6247
4.92052
4.47228
4.94944
5.09777
4.59881
4.35953
5.07002
4.51552
4.89225
5.15124
4.90156
5.61534
5.32604
4.64091
5.36223
4.88389
4.85379
5.14524
4.85284
5.00104
4.89936
5.37233
4.85883
5.81035
4.41541
5.31032
5.25531
4.44336
4.84237
5.195
5.49287
5.13987
5.11514
4.3517
5.44587
4.90573
4.75448
5.06647
5.03844
5.09479
5.13305
5.02533
5.20526
4.86718
4.96016
4.7685
4.23174
4.42915
4.86231
5.06683
4.59372
4.61243
4.36448
4.7408
5.13989
4.694
4.69427
5.08737
4.96259
4.46184
4.71594
4.83748
4.70549
4.4486
4.23185
5.06739
4.52343
4.7168
4.62691
4.49257
5.72448
4.89624
5.38562
4.7378
4.4667
4.41506
4.98506
4.98993
4.52787
5.86045
5.38932
5.0528
4.90349
5.70985
5.00468
4.70533
5.59151
4.96286
4.9486
4.94821
4.21767
4.92051
5.02874
5.00666
4.75555
4.7374
4.81037
4.09758
5.23837
4.84419
5.09661
4.91987
5.24861
4.70963
4.67267
5.04143
4.75057
4.77537
5.16506
4.235
4.59482
5.26359
4.90401
4.98711
5.2193
4.44577
4.99123
5.00024
4.85335
4.90377
5.27512
5.09303
4.71146
4.47023
4.90212
5.0415
5.15496
4.73527
4.5088
5.30907
5.14438
4.53136
4.15004
4.73522
5.00748
4.71332
4.87375
4.80977
5.29415
4.78053
4.661
4.78543
5.0536
5.18189
5.23849
5.84572
4.7026
4.89601
4.8309
4.44906
5.05409
4.53261
4.60415
5.14112
4.6351
4.84826
4.71271
4.80764
5.47853
5.41918
5.01147
4.95403
4.84458
4.75867
4.66221
4.99912
5.16018
4.48688
4.36039
4.77158
4.97993
4.84115
5.01882
5.15942
4.74475
4.51849
4.88048
4.23265
4.79761
4.00585
4.83943
5.09474
4.73249
5.34941
4.95441
4.58833
5.30009
4.63075
4.12491
5.07759
4.78075
4.93589
5.05783
5.09251
5.11909
5.3532
5.22897
5.06627
4.59481
4.73113
4.98016
4.69241
4.59888
4.70223
4.329
4.70049
4.22773
4.5203
5.29424
5.18771
4.63551
4.84898
5.52407
4.63072
4.3841
5.6347
4.99628
5.08085
4.72888
5.00301
5.39128
4.96899
4.94015
4.97021
4.70669
4.80295
4.81419
4.8571
4.8196
5.36207
4.54834
4.4886
5.42975
4.54729
4.4484
4.87039
4.92317
4.97687
4.43276
4.79532
5.3674
4.6252
4.84271
5.04626
4.16095
3.69912
5.65958
4.29728
4.83905
4.9086
5.22715
5.29331
4.47409
4.84886
5.40691
5.14947
5.05441
4.22221
4.37531
4.4307
5.2378
4.70335
4.14247
4.9082
4.73343
4.49762
4.53319
5.50372
4.7439
5.06364
5.39596
5.47822
4.51028
4.58679
5.14621
4.60239
4.99791
4.90059
4.94727
4.77502
5.15423
4.92481
4.72003
4.77642
5.09147
4.75619
4.97718
4.55238
4.76311
4.98893
4.75858
5.1669
5.2524
4.92333
4.69274
4.96025
5.05341
4.28819
4.81685
5.08867
5.09485
5.35313
4.83141
4.40725
4.58969
4.489
4.91886
4.59354
5.07373
5.09856
4.86268
4.5633
5.00576
5.5391
5.44598
4.89537
4.9123
4.55624
4.75319
5.36348
5.03095
4.38408
4.95449
4.68439
5.43313
4.33416
5.04431
5.231
4.67135
5.5434
5.11718
4.82692
4.95477
5.15186
4.81057
4.74833
5.04604
4.72637
4.7125
4.82376
4.41887
5.00769
4.82852
4.87976
4.87366
4.71279
4.8374
5.46396
4.88807
4.69736
4.7473
4.65276
4.74548
4.33015
5.1711
4.98135
4.57984
4.38933
4.86489
4.9344
5.50507
4.7139
4.91075
4.83909
5.26498
4.80548
4.80383
4.36796
4.16331
4.81133
4.6999
5.5985
5.00446
5.1338
4.51491
4.96124
5.02369
4.83849
4.18954
5.39746
4.65189
4.76078
4.51067
4.6326
4.89942
5.85418
4.43956
5.68716
4.95239
5.33749
5.05533
4.23688
5.10992
5.32444
4.37384
4.73914
4.73175
5.22613
4.68558
5.11935
5.49797
5.03792
4.81559
5.00135
4.89241
4.40024
5.22903
4.67642
4.74833
5.33783
4.61555
5.02187
4.55013
5.93436
5.17579
4.95635
4.81223
4.51827
5.35141
5.0871
5.21121
4.76018
4.6296
4.83256
4.9468
5.08275
5.14489
4.67207
4.62522
4.79799
4.69748
5.89855
5.22126
4.99927
4.99283
4.94697
4.9476
4.40684
4.77993
5.09467
4.65462
4.49245
4.53175
4.63074
3.93705
4.59197
4.61105
4.3257
4.75349
4.56603
4.06046
4.92811
4.37249
5.46894
5.07067
4.99542
4.72294
4.88969
4.6215
5.13364
5.02634
4.60485
4.69949
4.72873
5.30776
5.56601
5.06654
5.21017
5.16752
4.39132
4.88161
4.47597
4.53413
5.25683
4.88384
4.85884
5.05025
5.07105
5.21323
4.722
4.52606
4.34869
4.90519
4.76021
4.62925
4.74074
4.89224
4.92341
5.3157
4.7068
4.7552
4.94276
5.02546
5.3095
4.615
5.22394
4.56252
4.53531
4.82011
4.81422
5.12671
5.3895
5.29306
4.89382
4.94643
4.60468
5.51937
4.4605
4.075
4.76793
4.73914
5.17657
4.92808
5.50052
5.03436
5.30914
5.05563
5.14879
4.89059
4.47943
4.94218
4.70031
4.61159
4.45554
5.09166
5.71999
4.65185
4.82481
4.89621
4.96383
4.51476
4.42891
5.35275
5.06693
4.56249
4.9178
4.77709
5.18317
4.86245
5.09008
4.90725
4.31636
5.2157
4.7868
4.98054
5.71991
4.90564
4.6956
4.93246
4.68387
4.84471
5.01337
4.48144
4.37746
5.66101
4.51111
5.21561
4.38609
4.81273
4.66064
4.35098
5.59462
4.28361
4.53517
4.73525
4.65197
4.72166
4.96045
4.56132
4.77076
4.81748
4.78094
5.41556
4.95391
5.09688
5.55023
4.65554
4.19382
4.75592
4.92124
4.9589
5.00626
4.61551
5.22071
4.58996
4.26598
4.97237
4.84549
5.88545
4.80262
5.04494
5.42604
4.96988
5.03803
5.24437
5.86091
4.90374
4.36378
5.12404
5.24644
4.84221
4.69296
4.66085
5.12495
5.08513
4.8495
4.53023
4.53135
4.9978
4.4506
4.50071
5.36233
4.84028
4.95148
4.78198
5.44542
4.63443
5.29401
4.85603
4.51696
4.89606
4.74016
4.12933
4.94163
4.84144
4.09816
4.4464
4.80725
5.23039
5.12078
4.84963
4.59749
4.78177
5.01594
5.36714
4.5554
4.86045
4.95116
5.20261
5.0025
4.1765
4.49187
5.20703
4.7101
5.53959
5.15971
5.30537
5.02619
5.47439
5.13425
4.49536
4.38213
4.67137
4.70483
4.67792
4.43196
4.84741
4.4185
5.58507
5.22828
4.79388
4.48615
4.58491
5.1005
4.85569
5.16349
4.55122
4.95986
4.18927
5.5762
4.92527
4.84622
4.52927
4.62674
4.62078
4.53589
4.62285
4.44218
4.84583
4.43146
4.92941
5.23456
5.92302
5.25451
5.02839
4.81568
4.67726
5.37522
5.20863
5.25735
5.27251
4.62824
4.45764
5.32035
4.67147
4.8053
5.5294
5.25585
5.15472
5.06774
4.46151
4.24178
4.80677
4.81498
5.14484
4.55792
4.12405
5.04894
5.45893
4.54155
4.93645
4.70438
4.16359
4.92432
4.79113
4.32853
5.13462
4.84119
4.5758
5.13194
5.05211
5.44182
4.61042
3.99344
4.99303
4.7135
4.92695
4.85978
5.42294
5.25435
4.78099
5.22507
5.2191
5.11146
4.65202
5.03276
5.12749
5.5965
4.03104
5.11299
5.37854
4.51975
4.41696
4.75393
5.37941
4.12854
4.64697
4.63263
5.44462
4.78046
4.87159
5.16254
4.86565
5.31042
5.01042
4.53203
4.57946
4.9358
4.8079
4.45774
4.68178
4.82648
4.49061
4.3984
4.78793
4.45229
4.92782
4.83313
4.73612
4.74893
5.57516
5.19034
4.59764
4.99123
5.31569
4.77674
4.83171
4.72105
5.94829
4.76813
4.79727
5.12906
4.61517
5.509
5.14895
5.03481
4.37392
5.21918
5.01701
4.51755
4.69005
4.73703
4.59389
5.32193
4.86792
5.57581
4.98477
4.52778
5.20646
5.29363
4.99918
4.38621
4.93118
4.55699
5.57589
4.46002
4.97381
5.2485
4.8553
5.09087
5.49262
4.86749
4.94449
4.70566
4.84429
5.08899
4.98855
4.32438
4.84348
4.67567
4.94842
5.16358
4.59617
5.45141
4.8513
5.37236
4.85548
5.14797
4.99986
5.39388
4.75396
4.65882
5.60427
4.92682
4.36168
5.15534
5.57637
4.55354
4.42854
4.39272
4.79483
4.55635
5.33651
5.5639
4.43681
5.55843
5.01497
5.43331
4.97795
4.84363
4.82213
4.83622
4.52184
5.01303
5.0894
4.95165
4.71627
4.83573
5.23239
4.65224
4.58858
5.23666
4.91472
5.05465
4.86561
4.39337
4.7314
4.9201
4.53141
4.29111
4.80769
4.73642
4.83767
5.73562
5.12364
5.53153
4.32401
5.56151
5.00991
5.04272
5.42696
4.81658
4.79092
4.69071
4.29931
5.01348
5.0304
4.26543
5.22508
4.12309
5.41791
4.82747
5.07866
4.92866
4.94682
5.15325
4.63021
5.316
5.59852
4.64216
5.34852
5.34972
4.80488
4.24096
4.69826
4.76725
4.88407
4.67909
4.81449
4.43446
4.83776
4.93242
5.04701
4.9002
4.66473
5.42927
4.35034
5.26908
5.04239
4.18265
4.71277
4.72644
5.04777
4.97018
5.22533
5.45404
5.23874
4.97085
4.80989
4.97669
5.38639
4.577
5.26878
4.57148
4.92609
4.56613
5.19729
4.85456
4.58759
5.08075
5.01233
5.0028
4.55939
5.14777
4.85086
5.72998
4.36039
5.05234
5.07182
5.47759
5.3734
4.65315
4.62845
5.03763
5.31058
5.35588
5.15443
4.32618
4.93393
4.79764
5.02631
5.15789
5.01865
4.80925
3.88289
4.98011
4.79411
4.42854
5.06504
4.81769
4.40247
5.17089
4.79547
4.6872
4.90578
4.7864
5.24284
4.4434
5.29969
5.35247
4.8094
5.25181
4.63629
4.51964
5.35676
5.21056
5.03398
5.07099
4.85304
4.30349
5.03627
5.3259
4.4663
4.99727
4.74933
5.30618
4.65842
5.13331
5.0024
4.65946
5.18751
5.02694
4.91472
4.78782
5.64026
5.3958
4.94071
4.71258
4.55682
5.17266
4.50964
5.65746
4.84077
5.41521
4.04758
5.01674
5.04767
4.83079
5.73139
4.65606
4.93793
5.21521
5.63038
5.39603
4.08485
4.89243
4.82812
4.88706
3.97391
4.57156
4.73228
4.06308
4.28353
5.18648
4.80568
4.39971
5.44363
5.22229
4.88115
5.24572
5.05422
4.5299
5.3226
4.93175
5.40101
5.0757
5.276
4.27837
4.81094
4.88485
4.65556
4.65966
4.58734
4.89175
4.47011
4.3295
4.91402
5.08239
4.93236
5.13241
4.75438
4.71109
4.56666
4.95289
4.95072
5.67816
4.87626
5.31144
5.13366
4.79315
4.60763
4.92807
5.03636
5.27786
5.10371
4.49501
4.77969
4.76444
4.77173
5.48916
5.63935
4.57507
5.12257
5.14837
5.13376
4.69108
5.48377
5.00577
4.23068
4.65963
6.26416
4.98924
4.94998
4.39127
4.56525
4.61947
4.25754
4.41932
5.03631
5.28124
5.13703
4.8759
4.98486
4.90714
4.14799
4.60055
4.02972
5.12283
4.63189
5.25288
4.70479
4.79153
5.08118
4.66481
4.35802
4.48092
5.18338
4.55731
5.43865
4.74716
5.10944
4.93502
4.98394
4.52001
4.97655
4.30575
5.61605
5.19235
4.89152
5.26956
4.61169
5.49211
5.00344
4.62222
4.8367
4.80642
4.53686
4.66116
5.32934
5.39558
4.9247
5.08087
4.99034
4.77629
5.40162
4.70956
4.74896
5.31063
4.10381
4.89105
5.10782
4.64663
5.08785
5.17648
5.04642
4.73931
5.3699
4.65016
5.15005
5.12932
4.8337
4.46919
4.64801
4.74873
5.40135
4.72874
4.83686
4.50057
4.71367
5.13699
5.16022
4.94329
4.70968
4.56098
4.41739
4.82817
4.51326
4.34116
4.57158
5.43874
4.92011
5.16349
5.63353
5.17483
4.93691
4.55438
4.62167
5.13246
4.84766
4.7958
4.84724
5.02041
4.92306
4.50164
5.17129
5.44162
4.6613
4.48726
4.94338
5.07329
4.55617
4.93788
4.42494
4.44845
4.69367
4.35003
4.34476
4.56119
5.02868
4.75001
5.23627
4.60915
4.62406
4.97286
5.06124
4.92644
6.02337
5.41801
5.05254
4.88492
4.63503
4.76176
4.88711
5.27291
4.48321
5.06735
4.45931
4.75495
4.8017
5.30054
5.17384
4.65448
4.14383
4.96718
5.03845
4.84644
5.22945
4.85764
4.57633
4.80461
4.98636
4.54607
4.74392
4.9104
4.62144
5.07643
4.35336
4.63637
4.48591
4.60826
4.65604
4.67961
4.21992
4.52609
4.98869
4.29465
5.04808
4.87594
5.01508
4.74412
5.09798
4.94193
5.42004
5.33297
5.28791
3.95013
4.46359
4.21422
5.41165
5.2307
4.72136
5.22349
5.30499
5.58607
4.89841
4.99978
5.30496
4.86524
5.11571
4.8742
4.12111
4.51492
4.63764
4.88369
4.8363
5.26896
4.81245
5.11654
5.10613
4.56585
4.48936
4.46227
5.52
4.52671
4.94615
4.15069
5.10618
4.79305
4.42407
5.34766
4.7948
4.9426
5.67612
4.38024
4.71225
4.97444
5.54134
4.22303
4.813
4.86845
4.77643
4.34353
4.66244
5.08881
5.17211
4.92013
4.25854
4.98264
5.05715
4.98691
5.14701
4.90948
5.22884
4.39862
4.67542
5.13717
4.85561
5.23924
5.41324
5.13497
4.93767
4.6138
4.36621
4.76438
5.16775
4.92605
4.75397
5.08777
4.33061
5.00327
4.77967
5.31312
4.79545
4.5524
4.83699
4.55042
5.13762
5.03644
4.73184
5.02214
4.61705
4.78664
4.47797
4.44804
4.99945
4.71601
4.56289
4.92129
4.39287
5.55787
4.98296
4.43558
4.53198
5.42634
4.52334
5.24694
5.2109
5.04168
5.25327
4.51291
5.07327
5.18181
5.70633
4.44593
4.62658
4.57913
4.7937
4.5561
4.5334
5.28445
5.0144
4.51237
4.1867
4.94715
5.38919
5.27938
4.63725
4.98693
4.99152
4.73852
4.28201
5.29536
5.06458
4.52912
5.02541
4.96411
5.51636
4.594
4.73415
5.04568
4.81052
4.91334
4.98529
5.3153
5.2853
5.03395
4.82859
4.85872
4.61835
4.84381
4.91902
4.41542
5.06553
5.76093
5.24272
5.11768
4.62227
5.51971
5.43851
5.1212
5.95009
4.87397
5.34426
4.70615
4.73351
5.08189
4.68978
4.64034
4.82694
4.91362
5.16422
4.86282
5.07697
5.09832
4.61389
4.55875
5.16903
5.1159
4.21161
4.82147
4.52135
4.84215
5.22314
4.76161
4.18657
4.26963
4.75639
4.83277
4.8792
4.1956
4.67945
4.33253
4.93156
4.7165
4.90372
5.70813
4.69554
4.59802
4.40528
5.00438
4.54465
4.47844
5.04633
4.71835
4.29813
4.43355
4.77569
5.13166
5.38001
5.07014
4.8507
5.19307
4.56489
4.31248
4.83168
4.52121
5.28133
4.45286
4.48331
6.09628
4.87692
5.0954
4.94076
4.69499
4.71905
4.73681
5.65421
4.44669
4.83639
4.6739
5.04429
4.75854
5.25764
4.99986
5.14757
4.51387
4.29793
5.22095
4.89041
4.47887
4.55758
5.52357
5.06005
5.12383
4.79109
5.05332
4.71013
4.32896
4.82209
4.92035
4.77275
4.29749
4.9834
4.73145
4.28488
4.82693
4.29932
5.40399
4.68167
5.40048
4.92734
4.66444
4.59155
4.78113
4.79072
5.24573
5.49949
4.92739
3.77027
5.01889
4.79705
4.87298
5.35258
5.18466
4.63514
5.12674
5.22901
5.19444
4.50154
5.0392
4.66951
5.35558
4.67025
4.86161
4.52801
5.84004
4.22768
5.44343
4.28486
4.41928
4.5525
4.82594
4.94854
4.79558
4.94174
4.39425
4.96798
4.96889
5.16663
4.70707
4.6099
4.33872
5.27835
4.37423
4.51526
4.86
4.33059
4.88567
4.66756
4.793
4.70983
4.23547
5.23428
4.53304
4.46669
4.85107
5.30725
4.39972
4.57842
4.17996
5.10769
5.09202
5.16977
5.27238
4.61705
4.69174
4.89908
4.79699
5.06129
4.79061
4.78923
5.20271
4.86838
4.61298
4.89171
4.69858
4.95284
4.42036
4.88795
4.69474
4.71672
4.67695
4.99299
5.32476
5.10299
4.73646
4.98705
4.62018
5.08164
5.68839
5.06427
4.22133
4.18966
4.26988
4.39456
5.59527
4.85083
4.29567
5.39371
5.0351
5.19427
5.21316
5.0241
4.78599
4.11514
5.04365
4.70125
4.59629
4.76258
5.14427
4.95795
4.99837
5.67079
5.02256
4.70869
4.89389
4.87085
4.70225
4.53375
4.96234
4.35089
4.78922
4.7601
5.33015
5.37402
4.72555
4.77671
4.95092
4.80084
4.76219
4.62825
5.1196
4.85605
5.09107
4.61313
5.08316
4.33415
5.02224
4.05492
5.05796
4.30935
5.36395
4.50072
5.07363
4.92849
4.41318
5.02977
5.16851
4.85932
4.90698
5.21375
4.93616
4.69457
4.8828
5.04919
4.58575
5.18409
5.1351
5.07292
5.31397
4.54305
5.40571
4.98854
4.44733
4.72617
4.90756
4.72474
4.75847
4.69741
4.5924
5.28616
5.55342
4.87439
4.88671
4.99227
4.57428
5.19122
4.67632
4.31762
5.15424
4.36902
5.11668
4.44913
4.90319
5.00878
5.3683
4.77198
5.88806
4.31433
5.54929
4.57159
4.591
4.86907
4.51373
4.24357
5.12011
4.93956
4.33356
4.86546
5.68127
4.8511
4.16866
4.27913
4.55694
4.69524
5.03388
5.3243
4.96316
5.48842
4.76254
5.27819
4.72221
5.38124
4.60283
5.45087
4.4463
4.35841
5.33022
5.56821
4.70459
4.66242
4.98665
6.28342
4.39136
4.57344
4.87158
4.95963
4.70616
4.36911
5.27503
4.42548
5.06624
4.29973
4.96547
5.15693
4.6798
4.30918
5.53943
4.80774
4.91971
4.39299
5.31461
5.30566
4.92937
4.42639
4.52584
4.66052
4.68802
5.33847
4.79033
4.67299
4.90433
4.86961
4.43076
5.27672
3.79533
5.05816
4.96689
5.27549
4.52744
4.40194
5.17233
4.2674
4.99353
4.67015
4.46244
4.72312
5.16973
4.67255
5.73361
5.39239
4.81035
4.79156
5.08457
4.88596
4.778
4.40269
4.92049
4.07895
5.13021
5.33602
3.94573
5.95024
4.42175
4.86268
4.35962
5.01298
4.92716
4.86284
5.14135
5.06771
4.80155
4.75482
4.97128
4.56554
4.36983
5.3315
5.61137
5.03088
4.81156
4.67392
4.9237
5.13575
4.72079
4.69656
4.70655
4.73996
4.82849
4.68336
4.54919
4.67964
4.76132
5.61574
5.27524
4.01319
5.12756
5.19856
5.18734
5.54542
4.83484
4.58976
4.905
5.47471
4.86449
4.56881
4.28276
4.27894
5.3054
4.21419
4.77037
4.31456
4.99437
4.90492
4.67466
4.53359
4.19903
4.53202
4.31275
4.24893
5.07231
5.13729
4.7184
5.15177
4.76983
4.87904
5.44606
4.59909
4.92507
4.9596
4.71625
5.2204
5.06565
4.9626
4.92099
4.69692
4.85908
4.90837
4.1841
5.15714
4.83769
5.12298
4.25756
4.98365
5.12377
4.95711
4.72526
4.71004
5.66637
4.80167
4.88924
5.04038
4.66683
4.69723
4.93917
5.17562
5.19507
4.94626
4.69275
4.26374
4.9032
4.69424
4.79625
4.89954
5.72569
5.45702
4.95391
5.39531
5.17573
4.97557
3.92271
4.89548
4.81434
4.73871
5.08545
5.00146
4.61167
5.03406
4.96481
4.48624
4.75812
4.38163
5.60282
5.39106
4.74042
4.41383
4.72744
4.95492
5.48358
4.75471
5.33867
5.0238
5.08323
4.72304
4.66219
4.68152
4.85034
4.83006
5.56346
4.87564
4.60473
4.42254
4.97158
5.00255
4.84704
5.37834
4.83953
4.35219
4.4148
4.48087
5.24524
4.74348
5.65686
5.01181
5.07423
4.73044
5.04067
4.97667
4.83708
4.83227
5.26384
4.7385
4.59356
5.46165
5.04749
4.90758
5.27984
4.9117
5.09219
4.92868
4.3468
4.67298
5.127
4.864
5.06151
4.89942
4.67578
4.95653
4.73734
4.46112
4.85203
4.40249
5.13927
4.57121
4.79804
5.19882
5.28407
4.65038
5.28648
5.17593
4.87816
5.25365
4.43516
4.25427
4.75618
4.79661
4.37678
5.05854
4.13517
4.27445
4.61531
4.94559
4.69236
5.25055
5.38732
4.80352
5.32181
4.76831
5.59719
5.44828
5.11056
4.54115
4.64315
4.87691
4.4457
4.90589
4.3578
4.49689
4.36624
4.36238
4.90954
5.15567
5.14322
5.28913
4.77858
4.52261
4.17239
5.3354
5.22629
4.85063
4.80101
5.30915
4.94356
4.78893
5.50678
4.92288
4.78383
5.47253
4.74891
5.07415
4.39891
4.88438
4.62495
4.92979
5.19267
4.44723
4.65735
4.68182
5.42515
4.44418
4.94883
5.04313
5.06394
4.39974
5.40682
5.01607
5.10239
4.71714
5.32856
4.86316
3.74459
5.27239
4.45449
4.8187
4.65889
4.63872
4.99037
4.5505
5.24542
4.58534
4.89751
5.41091
3.79034
4.59547
4.57144
5.08375
4.70301
4.51999
4.90611
5.62082
5.29853
5.16992
4.82063
4.00632
5.26914
4.88861
5.31114
5.66443
4.48419
4.63031
5.38011
4.61362
4.87331
4.93604
4.91632
5.10394
4.89409
5.24945
5.3547
3.99768
4.43958
4.16978
5.68423
4.99067
5.12608
4.96041
4.59815
5.54457
5.1808
4.9363
5.08035
4.97666
5.22714
5.15128
5.31949
4.9775
4.75014
4.83192
4.71154
5.05179
4.86354
4.71684
4.37524
4.14923
5.02964
4.9036
4.56487
5.54296
5.22195
4.80032
4.86543
4.99311
4.14217
4.49735
4.45979
4.9281
5.21561
4.8984
4.95781
5.04544
4.23653
5.33746
4.93275
5.28618
4.76163
4.81175
5.40117
4.5461
4.56106
5.07787
4.70013
5.12017
4.81626
4.99736
5.5424
4.86977
5.10773
4.82211
5.05844
4.28807
4.73493
4.88256
5.18882
4.77272
5.10628
4.82596
5.58949
5.13441
4.82909
4.91783
5.13687
5.9196
5.305
4.20061
4.89049
4.63324
4.98521
5.0159
5.25299
4.49329
4.62951
5.33007
5.16684
5.09968
5.10601
4.64502
4.73483
4.79156
4.35985
4.61552
4.88645
4.38749
4.72624
4.71473
4.84116
5.96205
4.90234
4.61222
4.54255
4.69731
4.26861
5.30618
5.35446
4.78626
4.96962
4.44508
4.9909
5.07823
4.39225
5.32539
4.94987
5.43752
4.71513
4.14312
4.97829
4.27344
5.05435
4.65233
4.54838
4.89044
4.32378
5.27175
5.03789
5.13209
4.42892
5.23141
5.27225
5.2399
5.31848
4.99833
4.9761
5.16894
5.159
4.72788
5.14811
4.9572
4.89246
5.11525
4.56607
4.98101
5.04053
4.64024
4.95094
4.63848
3.8734
4.47292
5.01298
4.76391
5.43964
5.10091
4.72539
4.85641
4.24699
4.90938
5.05127
4.601
4.66161
4.68982
4.54676
4.57951
5.09578
4.92045
4.9388
4.86808
5.25442
4.668
4.04364
4.32913
4.7139
4.90865
4.83395
4.36669
4.0041
4.76937
5.4127
4.5985
5.4093
4.37244
5.20731
4.97028
5.46889
4.98778
4.63837
4.68322
4.72691
5.30412
5.03018
4.75797
4.45003
4.89546
4.7864
4.87528
4.73231
4.88193
4.90186
5.18344
4.71979
5.63243
4.96707
4.29232
4.74094
5.2403
5.0704
5.32972
5.31685
4.17208
5.07021
5.20457
5.54514
4.64472
5.21014
4.98634
4.64698
4.69417
5.43952
5.01822
5.89489
5.45753
5.03858
3.79492
4.65313
4.73964
4.9901
4.51926
5.01852
4.89379
5.75556
4.90851
5.01503
5.34375
4.94067
5.12277
5.07475
4.69283
5.59712
4.67914
4.66045
4.55834
4.87775
4.37554
6.18578
5.12272
5.06795
4.38119
4.7707
4.4795
5.65008
5.25294
5.31528
5.27928
4.24895
4.54005
5.47274
5.18562
5.56965
4.61651
4.89853
5.04718
5.33492
4.71193
4.6269
4.61922
5.02707
5.19433
5.16698
4.51914
4.67108
5.45823
4.84322
5.15383
4.67922
4.52828
5.62628
4.40523
4.38126
5.21433
5.14676
4.69
4.47818
4.80056
4.69582
4.99922
4.6011
4.94223
5.03763
4.2397
4.43286
4.86415
5.11234
4.73646
5.36039
5.21992
4.40492
4.86584
5.05076
4.61901
5.14103
4.29213
5.0846
5.3089
5.01073
4.17911
4.67148
4.73924
4.89564
5.23063
5.146
5.04257
4.61963
4.71538
4.70481
4.92076
5.53213
4.39942
5.2333
4.30207
4.77738
5.28741
4.72121
4.38388
5.1158
4.6147
4.21765
5.19977
4.92696
4.44233
4.34241
5.20445
4.61122
4.68865
4.71636
4.64803
5.68415
5.40426
4.65234
4.78001
4.70666
5.29782
4.44241
4.56807
5.12243
3.95613
4.34709
4.98937
5.54105
4.32141
4.91112
4.32535
5.08643
5.23309
4.4071
4.61005
4.06335
4.96615
5.03288
4.20156
5.41889
4.38191
4.57206
5.05128
4.51442
4.97773
5.7725
4.99106
5.29528
5.67211
5.87032
5.36555
4.70265
5.30758
5.26499
4.79096
4.98239
5.26522
5.07946
5.09779
4.64424
4.86319
4.47479
4.85457
4.79482
5.34513
4.51271
5.2153
4.45534
4.67606
5.13081
4.82966
4.50618
4.41529
4.24116
4.73497
4.7089
4.34327
4.63714
5.17151
4.32305
5.0506
4.60416
4.57201
5.37148
4.89756
4.48628
4.93751
4.76274
4.44616
4.52557
4.53818
5.48929
4.63988
5.1598
4.53635
5.0119
4.76305
4.68675
4.32581
4.71021
4.9233
4.56474
4.92281
4.61182
4.55549
4.86141
4.53014
4.57093
4.65323
5.30528
4.77197
4.70951
4.61201
4.91621
4.84179
5.28684
5.30275
4.38716
5.06821
4.86875
4.8849
4.06407
4.39409
4.71918
5.22797
5.47794
4.7066
5.57159
4.94291
5.20133
4.63786
5.1928
4.99596
4.78005
4.93522
4.86967
5.20171
5.07635
4.80715
4.7614
4.60249
5.22688
4.94386
4.64388
5.3034
5.0787
5.0254
5.22783
4.69705
5.6299
4.81668
5.49663
4.92597
4.91485
4.45317
4.92881
4.67181
4.68896
4.70921
4.93905
5.39387
5.01263
4.75601
4.49307
4.87862
4.80073
4.54274
4.96452
4.48678
4.93068
4.63831
5.00728
5.82724
5.41337
5.32568
4.86961
5.56478
4.17976
4.2398
4.63813
5.47454
4.84028
4.11826
4.80743
4.75323
5.36169
4.57537
5.23857
4.65517
4.8299
5.08311
5.39811
5.17017
4.88892
5.17812
4.91429
4.5066
4.85427
4.79806
4.90552
4.59026
4.69469
4.54451
5.32059
5.08711
5.06715
5.15893
4.97221
4.09108
4.90706
4.58089
4.53717
4.50992
4.88989
5.19624
5.38448
4.81268
4.89644
5.22181
5.40414
4.34488
4.32339
4.78611
4.6995
5.03048
4.80896
4.44673
4.11613
5.38893
4.9371
5.35435
5.26358
5.23172
4.49144
5.28707
5.02627
5.06874
4.91453
4.2459
4.3279
4.81408
3.93899
5.02488
4.46382
4.87212
4.42199
4.37176
4.95178
4.75967
4.88248
4.99107
4.54914
5.10324
4.43518
5.39171
5.59184
5.20382
4.75656
5.00722
4.68541
4.6716
5.47808
4.80463
5.04181
5.49096
4.5384
5.26701
4.99817
4.36594
4.68467
4.75305
4.68857
4.9632
5.33369
5.01055
5.39878
5.26799
4.7112
4.67487
4.73493
5.08957
5.36363
5.0237
4.83912
4.67343
5.33864
4.57883
4.48553
6.41971
5.06927
5.01597
4.76096
4.47454
4.56733
5.82667
4.26886
5.01266
5.27119
5.27755
4.66601
5.07675
5.26871
5.19978
5.11411
5.02309
5.2683
5.09917
5.1788
4.66977
4.95883
4.43804
4.76502
5.38964
4.51857
5.04211
4.71856
4.8905
4.69008
4.51054
4.70122
4.93106
5.03993
5.50253
5.47732
5.26525
4.54904
4.98979
5.15
4.6284
4.94912
4.74712
5.36346
4.8609
4.36989
5.25445
4.01728
5.67033
5.01844
5.56296
5.33111
4.60554
4.27782
4.29929
4.66313
5.37912
4.84927
4.65055
5.30661
4.49879
4.24437
4.79873
5.11636
4.70185
4.62996
5.01139
4.69493
4.35213
5.2256
4.74671
4.12966
4.70344
4.90042
4.59832
4.40648
4.46092
4.90284
4.27218
4.34398
5.15679
4.77499
4.68715
4.58489
5.37128
4.66042
4.64606
5.0619
4.70104
4.622
4.61272
4.8468
4.64966
5.20223
4.50717
4.71476
5.48973
5.01081
4.80903
4.11685
4.94003
4.9075
4.5237
4.55481
4.07339
5.28791
4.83904
4.69444
4.23645
5.27403
4.74873
5.07344
5.69684
4.3262
5.09168
4.94489
4.65375
5.14123
5.20483
4.65055
4.96849
4.98399
5.09827
5.34236
4.95515
4.64355
4.47572
4.82593
4.96647
4.64214
5.07717
4.11672
4.82635
4.61366
4.73301
4.95603
4.64358
4.5419
4.56555
4.2053
5.0385
5.02636
4.5874
4.60637
4.41936
5.24814
4.81565
5.39882
4.70881
5.60688
4.67009
4.78478
5.1424
4.69211
5.19629
4.94663
5.1854
4.65882
5.39493
4.48332
4.82806
3.96537
4.32193
4.35668
4.63847
4.90065
4.65971
5.09459
4.18223
4.96797
4.91297
4.61637
5.17944
4.39786
4.62663
6.00791
5.66038
4.85013
4.93787
4.89275
4.62852
5.32099
4.49192
4.27314
4.9704
4.00402
4.83783
5.3537
4.94491
5.10836
4.54929
5.1164
4.49028
4.88036
4.31238
4.6776
4.73725
5.29279
5.23996
5.24163
5.24496
4.44975
5.03065
4.55454
4.37299
5.03565
4.66924
4.02695
4.62284
5.26594
4.97851
5.76847
4.55846
5.36011
4.53515
5.19958
4.63715
4.57589
4.58706
4.8803
5.19312
4.4094
4.27573
5.03344
4.52124
4.90703
4.90078
4.99133
5.05988
4.93284
5.01938
5.45465
4.69713
4.73614
4.30177
4.29107
4.97973
5.19627
4.30096
4.61179
4.63917
5.16472
5.06262
5.19092
4.97771
3.64113
4.85553
4.71128
4.71124
5.28517
4.44019
4.56684
5.36454
4.77413
4.31353
5.30623
5.01972
5.51932
4.67709
5.25276
5.08163
4.8764
5.21894
5.24674
4.63217
5.11251
5.66258
4.72498
4.83048
4.37433
4.82213
5.45062
4.51351
4.58533
4.96399
4.43578
4.89059
5.97205
4.84913
5.34432
4.44897
4.93164
5.04901
4.91747
4.93007
4.82985
4.90804
5.46243
5.09094
4.85253
4.74181
4.95881
5.04034
4.74996
4.97047
4.68696
4.888
4.87004
4.85746
4.53896
4.52433
4.62788
5.4583
5.5259
4.65072
5.09287
4.6845
4.62852
5.15294
4.48867
4.36706
4.81076
4.57095
5.07262
4.46373
4.38954
4.65782
4.55483
4.61048
4.53966
4.9033
4.99832
5.0048
4.87534
4.87852
4.64639
4.49406
5.1675
4.55245
4.87768
4.72699
4.39612
4.93231
4.74881
4.91945
4.4321
4.83091
4.84735
4.31505
4.88641
4.7907
5.11632
5.17188
4.33417
5.2367
4.48448
4.91497
5.05875
4.53869
4.72825
4.64384
4.7754
5.16188
5.0051
4.72165
5.20396
5.04933
4.99421
4.72068
5.00303
5.05146
4.84674
5.28663
5.21809
5.1273
5.52274
4.75787
4.37617
4.76411
5.24642
4.40142
4.71212
4.75765
5.03976
4.80518
4.57099
4.88179
4.72768
4.98786
4.1253
4.96002
4.85792
5.36661
5.02679
4.49221
4.53241
4.93885
5.37197
4.66489
4.78416
4.64953
4.27913
4.78475
5.09775
5.30088
4.98445
4.2783
4.43247
4.58532
4.25158
4.71682
5.20823
5.0683
4.39109
4.20068
5.08592
4.60837
4.53306
4.43595
4.77652
5.17753
4.76673
4.52605
5.35401
5.2209
5.22716
5.33007
4.55685
4.45769
5.07368
5.00144
4.38291
4.54194
4.55173
4.04617
4.53606
4.59892
5.18743
4.50803
4.64769
4.92588
5.22676
4.4396
5.11194
5.0394
4.96069
4.15349
5.09938
4.56723
4.32703
4.97263
5.58759
4.7266
4.87612
4.78926
5.17124
5.74641
5.03413
4.11759
4.47704
5.36777
4.90819
5.08507
5.06088
4.91498
4.68428
4.88237
4.60024
4.81661
4.26542
4.81385
4.34296
5.00156
5.51012
5.02609
4.67322
4.63695
5.06598
4.37038
5.24585
4.14139
4.74667
5.49682
4.85832
5.25138
4.8512
5.14676
4.37448
5.04477
5.04269
5.01819
5.34627
4.69311
5.11433
5.20239
4.73761
4.98729
4.73782
4.10462
5.39826
4.84796
3.87409
5.27714
4.50836
5.00418
5.13999
4.48161
5.01084
4.87302
4.56689
4.88911
5.54953
4.56606
4.43521
4.63432
5.07839
5.04696
4.73826
4.87757
5.08871
4.69225
4.57696
4.64804
4.58676
4.65097
4.51383
4.8152
4.06458
5.29807
5.0344
5.4662
4.39573
5.21474
4.66067
4.73097
4.29552
5.48642
4.62276
4.38677
4.62896
4.97729
5.04654
4.47696
5.54024
4.3848
4.42765
5.21354
4.51715
5.09843
4.68213
4.37438
4.955
4.74008
4.96302
4.66331
5.34471
5.08695
4.66409
4.95189
4.84103
4.5119
4.21071
4.91385
5.37766
5.2682
4.30932
4.97794
5.4482
4.20112
5.08162
4.78422
4.43696
4.41261
4.78581
5.40292
4.42296
4.58464
4.5874
4.66892
4.89623
4.91117
5.28994
4.56273
4.38865
5.36822
4.90779
4.57952
5.24361
5.53364
4.52174
4.57125
5.03562
4.30972
4.91854
5.29416
4.44897
5.07112
5.02099
5.13371
4.26745
4.82529
4.55504
5.12932
5.07512
4.92966
4.3671
5.11229
4.98268
4.80191
5.05487
4.71663
4.86409
4.92614
4.47375
4.54542
4.87201
4.66888
4.9377
4.56908
4.74952
5.18781
4.72891
5.45716
4.68722
5.08168
4.9095
5.26806
4.70187
4.54761
5.312
5.12787
4.77278
4.61312
4.85883
4.75675
4.65078
4.69912
4.54456
5.02223
4.45863
4.12728
5.21926
4.35756
4.8818
4.47737
5.3754
5.03483
4.57467
4.40548
4.79435
5.45119
5.1441
4.68335
4.92797
4.37612
5.00456
4.38189
4.91179
5.70446
4.99805
4.64504
4.68772
4.60592
5.35087
5.41238
4.43581
4.83672
5.1273
5.14261
4.59383
4.89908
4.86505
5.0558
4.8149
4.81066
5.18558
5.122
4.62514
4.99494
4.57652
4.94598
4.50863
4.99758
4.98878
4.441
4.5229
4.51172
5.31272
4.46782
4.4131
4.37878
4.71985
4.97518
5.12443
5.42314
5.01323
5.04963
4.40814
5.14934
4.77009
5.07943
4.58728
4.86838
4.96643
4.98376
4.57594
5.75786
4.13791
4.70714
4.55612
5.34128
4.77092
4.90773
4.89263
5.20532
5.74643
4.83587
4.80715
4.66546
4.36715
4.42012
4.70537
5.08647
4.14169
5.22303
4.90554
4.69378
5.1703
4.53548
5.00982
4.96129
5.13924
4.42428
5.53649
4.48145
4.80124
4.88967
4.40703
5.43627
5.28065
4.86344
4.60433
4.78611
4.63727
4.70322
4.53094
4.95183
4.53306
5.40818
5.24921
4.81619
5.5727
4.71909
4.8105
4.46113
4.89552
5.10385
4.94827
4.67205
5.04286
3.76097
5.13574
4.45994
5.3185
4.37215
4.44152
5.18005
5.01347
5.00157
5.30827
5.15708
4.71197
5.54447
5.1449
5.01543
4.59355
4.2584
4.86163
4.97775
4.04774
4.82614
5.02304
5.25577
5.8036
4.48707
4.89386
5.16646
4.28786
5.66163
4.73152
4.41164
4.5166
4.71387
4.80922
4.89257
4.84909
4.94803
5.54637
5.02805
4.8904
5.254
4.6838
4.39191
4.74547
4.97123
5.09325
5.03836
4.67527
5.27858
4.53768
4.85792
4.64972
4.74149
5.42585
5.18251
5.06544
4.30661
5.54528
4.40477
4.64756
5.29195
4.19064
5.54064
4.77531
5.51864
5.24772
4.75702
5.25485
5.59867
5.25689
5.04807
5.14499
4.97176
4.76847
4.87588
4.7379
4.85022
5.2932
5.59059
4.69523
4.75595
4.24004
4.81819
4.09802
4.97596
4.79581
4.94572
5.1895
4.88272
4.81472
4.9116
4.43414
5.53449
4.70424
4.91149
5.39704
4.83282
4.6093
4.46055
5.01327
4.88917
4.49713
5.56907
4.72969
4.58324
4.19192
5.06767
5.02696
4.72789
4.60312
4.92975
4.38306
5.14267
4.67073
5.18851
4.89501
5.03487
3.65873
4.81935
4.54983
4.6656
5.15919
5.05324
4.5961
4.98766
4.71116
5.4262
5.15848
4.80265
4.71102
4.35378
4.656
4.34862
4.75351
4.53802
5.18122
6.12651
4.92489
5.03393
5.28985
4.3335
4.68703
5.44461
4.56222
5.15258
4.96732
5.05323
4.74167
5.01416
4.96513
4.68198
5.57102
4.66885
4.65649
4.19753
5.2852
4.80435
4.43023
4.20906
5.22417
5.22575
5.18561
4.25952
5.63134
4.87185
4.48839
4.3004
5.42856
4.53676
4.22356
5.23546
4.5492
5.14093
4.7197
5.04334
5.07753
4.46917
4.89076
4.83003
4.52268
5.47099
5.04259
4.49396
4.91177
4.80388
4.58411
4.40042
4.46535
5.2608
5.07611
4.76432
4.93477
4.51619
4.89384
4.56962
5.57772
4.4858
4.56284
4.88974
4.73196
4.78653
5.0124
4.86098
5.01189
4.58137
4.91962
4.61499
4.99072
4.88405
4.60086
4.97526
5.36782
4.92228
4.71898
5.27595
5.23383
5.07699
4.45087
4.53504
4.85624
4.92514
4.58045
5.33936
5.00755
4.54376
4.50463
4.65573
4.97454
4.61924
5.53421
5.1537
5.56943
4.17911
5.36103
5.39849
4.07129
5.36824
5.6119
4.80271
5.15366
4.92104
4.7916
5.05981
4.8735
4.56606
4.81295
4.93656
5.24808
4.22729
4.80611
4.5518
5.18413
4.66541
4.99876
5.06214
5.1096
4.34711
4.88615
4.83868
5.0373
4.88873
5.47761
5.39653
4.8855
5.09823
4.70773
4.89689
4.93854
4.50658
5.13624
5.21246
4.19474
4.72479
4.92648
4.70201
4.35647
4.35136
4.67648
5.10719
5.4763
5.0055
4.5557
5.08578
5.01307
4.64649
4.69682
4.62097
4.55654
4.19327
4.76588
5.18527
4.96464
4.75114
5.35264
5.44596
4.96279
4.92142
5.38135
4.50813
4.27449
4.959
4.67172
4.98277
4.86414
4.97995
4.32222
5.37096
4.73386
4.46337
4.11984
5.20444
4.22857
5.19248
4.41841
4.22803
4.70168
4.58796
4.77106
4.98912
5.10076
4.65232
4.47229
5.21876
4.27758
5.10413
4.57277
4.38134
4.60148
5.87125
5.14375
5.29408
4.73948
4.53321
5.31634
5.26621
4.59245
5.15615
4.08605
4.57892
5.25822
5.69043
4.43127
4.62803
4.83857
4.80907
4.60824
4.95055
5.51934
4.59808
5.44083
5.25974
4.17114
4.81956
4.61885
5.08103
5.06663
4.5378
5.29084
4.99827
4.74499
4.77372
4.61742
4.44481
4.82531
4.75484
5.56361
3.95427
4.82224
4.5641
4.81101
4.62689
4.42466
4.6387
4.73246
4.22354
5.19082
5.3005
5.73753
5.39322
4.54547
4.78341
4.79177
4.9391
5.15344
4.5888
4.35917
4.73885
4.40523
5.24678
6.11554
4.81928
5.14479
4.99845
5.60364
5.42611
4.96258
4.2568
5.28159
4.26109
4.52431
5.04559
4.68281
5.4639
4.9654
5.03129
4.99224
5.69245
5.39752
5.08416
4.63192
5.57037
4.94965
4.28437
5.33104
4.65179
5.24245
4.76345
5.28677
4.49522
5.30937
4.32828
4.79283
5.04827
4.96509
4.64002
5.03742
4.73848
4.59929
4.68152
4.28107
5.59835
4.39333
4.45819
4.89846
4.7999
4.7515
5.02405
4.62842
4.76886
4.28713
4.87582
4.39901
4.4441
4.45049
4.96046
4.68791
4.57993
5.235
4.8627
4.68551
4.87772
4.54715
4.43855
4.70981
4.68928
4.68608
4.55935
4.41243
5.19702
4.98436
4.72052
4.79482
5.15329
4.74766
4.79009
4.05603
4.69805
4.58591
5.45708
4.68337
4.15184
4.78405
5.05035
4.92743
4.88017
4.81939
4.61624
5.23965
4.65551
4.64863
4.28018
5.12552
4.46264
5.06613
4.62237
4.86348
5.38325
4.81915
4.61288
4.69216
4.30468
4.5759
5.05334
4.84525
4.58759
4.77914
4.69419
4.44966
5.03289
4.68154
5.0925
4.90815
4.30139
4.1358
5.14891
4.38233
4.61013
5.52467
5.54499
4.73475
4.93412
4.70825
4.59807
4.5632
5.07913
4.87409
5.38619
5.09913
4.93112
5.10972
5.54307
5.22337
4.60646
4.86387
4.73807
4.30558
4.51096
4.42301
4.65448
4.97629
5.02309
5.00619
5.52616
4.58689
5.26576
4.56287
4.53235
5.03847
5.34069
4.75397
5.47098
4.65393
5.04036
4.958
4.95152
4.57869
4.46109
4.91847
4.75657
4.44157
4.80828
4.75364
5.28318
4.87625
4.59988
5.75667
5.21823
4.52598
5.3702
6.05751
4.40586
5.39278
4.92844
4.85348
4.22983
4.23409
4.18191
4.26588
5.21388
4.45949
4.21293
4.9987
4.83753
5.17009
4.51591
5.15533
5.13919
4.70782
4.57881
5.1147
5.35382
5.01163
5.05332
4.8874
4.79703
4.84963
5.16422
4.33777
5.17428
4.48643
4.48283
4.28507
5.07681
4.32756
4.97713
5.26125
4.89817
5.09717
5.36511
4.18397
4.87227
5.07735
5.16611
4.95446
5.43171
3.72622
5.26617
4.55024
5.74963
5.27958
5.43374
4.21691
4.21322
4.60432
4.23834
5.43335
5.50716
4.73455
4.63706
4.90257
4.54668
4.48358
4.64138
4.64604
4.84613
4.99425
4.91529
4.82027
4.68611
4.43794
5.61162
5.01042
4.1647
4.35484
4.95037
4.86743
4.97152
4.53845
4.86432
4.51417
3.54839
4.96047
4.55601
5.56525
5.07946
4.93883
4.5379
4.68913
4.5408
5.34829
5.87735
4.15993
4.95855
4.64307
4.50824
5.32267
5.35869
5.47904
5.05617
4.68412
5.04868
4.43906
4.74022
5.36432
4.88191
4.67505
4.09177
4.93408
5.06194
5.42437
5.35395
4.94737
4.67574
4.65451
4.85601
4.78519
4.92856
4.89561
5.765
4.58242
5.09133
4.35878
5.135
4.78586
4.62993
5.52715
4.90589
4.72037
4.65373
3.93016
4.69492
4.76432
4.32235
5.12485
5.10171
4.73364
4.99008
5.04498
5.03199
5.21253
4.64035
4.82118
5.17192
4.63901
4.26711
4.79338
4.9366
4.41278
4.15741
4.31948
5.37275
5.11074
4.96451
5.01911
4.60379
4.80432
5.32699
4.5668
4.82021
4.3004
4.87491
4.81745
4.54469
4.4571
5.29554
4.64915
5.33815
4.80152
5.05474
4.73048
4.61273
4.36911
5.09812
4.91869
5.17298
4.73339
4.94981
4.76748
4.90068
4.2452
4.07205
4.71746
4.62545
4.89998
4.63911
4.64247
4.65554
4.70602
4.9149
4.78684
4.66561
4.67925
4.62592
4.92914
4.54528
4.67646
4.76307
4.22541
4.59764
4.63703
5.1708
4.06722
4.25957
4.46807
4.91119
4.48643
4.9946
5.2688
4.9189
5.15381
4.85573
3.64967
4.91976
4.97549
4.30755
5.13547
4.74317
4.95456
5.3537
4.44213
4.68472
4.47855
4.84036
4.79333
4.58128
4.67338
4.60591
5.48755
4.19299
4.89772
5.0555
5.59236
4.93938
5.52201
4.8915
4.6936
4.86749
4.84476
4.97581
5.02281
4.7624
4.6186
4.0797
4.66217
5.4876
4.40205
4.38194
4.86417
4.50518
4.90979
4.85317
5.24316
4.75872
5.0725
4.80052
5.54831
4.87811
4.98882
5.46799
5.09543
4.56013
4.50723
4.59377
5.22419
4.47944
4.17182
4.60459
4.34383
4.71106
4.85451
4.83345
4.772
4.30742
4.66317
5.08283
5.4202
5.34874
4.45967
4.75979
4.75481
4.6368
4.66392
3.83608
4.68608
5.39559
5.06107
5.22292
4.09543
5.59298
4.36463
5.13878
5.23584
4.79291
4.62979
4.81738
5.375
4.8669
4.6241
4.58529
5.08933
4.84886
4.64597
4.87534
4.75475
4.73561
5.27254
4.4996
4.64624
4.49258
4.47481
5.29779
4.51815
4.99852
4.51158
5.82338
4.37957
4.32881
5.09011
5.44936
5.19844
5.0668
4.53713
4.59702
4.84014
4.63045
4.38078
5.38075
4.89526
4.54203
5.08057
4.49738
5.16737
5.75506
4.72256
4.68418
4.39901
5.36236
5.01279
5.14084
5.0597
4.72976
4.78438
4.8284
5.21806
4.95224
4.37842
4.02292
4.60425
4.97287
4.98912
4.60374
4.82855
4.9458
4.96584
4.14834
5.20983
4.7191
5.02176
4.85612
5.04318
5.08313
5.18091
4.96536
5.51833
5.0772
4.73807
4.61559
4.42783
4.89246
4.65578
5.15077
4.59658
4.23892
4.32375
5.39764
4.73908
4.91557
4.94747
4.72775
4.55059
5.97492
4.66729
4.64246
4.52731
4.93312
4.66691
4.73278
4.82336
4.87809
4.58985
5.26021
4.30536
4.56652
4.70848
4.72805
5.00744
5.11739
5.11034
4.80927
5.4538
4.41335
4.60236
4.45304
5.22076
5.23972
4.66797
4.9591
4.92598
5.12207
4.98685
4.44924
5.19339
4.56203
4.63521
4.73606
4.55034
5.2982
4.86087
4.45883
4.1842
5.23602
5.26158
4.94337
5.30787
4.83764
4.3034
5.11838
4.40652
5.15849
4.82902
5.02097
5.3423
4.40271
4.6546
4.31222
4.72234
5.23246
5.12512
5.09468
4.80453
4.90171
4.66806
4.83582
4.481
5.39525
4.8334
4.19865
5.29626
3.92428
4.34757
4.56718
5.00917
4.43354
4.68892
5.09334
4.81918
4.8937
4.93677
4.79522
5.00722
4.34601
4.56414
5.20516
4.99077
5.0607
4.73434
4.39848
5.18154
5.2471
5.0399
4.13568
5.21428
5.43187
5.2939
4.77058
4.47824
4.76002
4.68538
4.72949
4.61163
4.92261
5.28823
4.14446
5.12247
4.70598
5.14957
5.23512
4.72767
4.95064
4.98853
4.69722
5.0378
5.25105
5.02735
4.91431
4.65946
4.77572
5.58476
4.66259
4.8135
4.76065
4.67315
4.67997
4.91586
4.09587
5.09852
5.19791
4.84761
4.61382
4.6869
5.32509
4.82335
5.00787
4.89839
4.70126
4.7679
5.38994
4.75747
5.05063
4.91812
4.7968
5.2315
4.49947
4.55835
4.71837
5.02004
4.9477
5.17288
4.92005
5.25025
3.98817
5.93292
4.77843
4.25062
4.61178
4.2018
4.73512
4.79644
5.55709
4.73976
5.09815
4.30039
4.96207
4.41924
4.5002
5.08425
5.54693
5.15424
4.92114
5.49294
4.96865
5.48376
5.6083
4.4288
4.9692
4.67832
4.6296
4.9624
5.0642
4.28524
4.73695
4.18833
4.85099
4.48216
4.84267
4.49062
4.79981
5.05092
4.99948
5.07371
5.01887
4.41918
4.3471
5.086
5.15845
4.10458
5.14842
4.13806
5.09154
5.1497
4.9043
4.97106
5.09243
5.19821
4.7421
5.31084
4.66469
4.94333
5.56849
5.07411
4.51305
4.40189
5.60104
5.13531
4.67846
4.57518
4.84805
4.96675
4.65269
4.35415
4.71512
4.57132
4.53129
4.57753
4.36893
4.79688
4.55684
5.26
4.46754
4.96285
4.94212
4.63318
4.95332
4.65481
5.03906
4.98031
4.49856
5.324
5.02246
4.6943
4.129
4.45848
4.81118
5.29726
4.57558
4.67103
5.08447
4.74421
5.66244
4.95673
4.93351
4.41241
5.10299
4.45894
4.50515
4.68307
4.71541
5.05395
4.68135
4.81344
4.70947
5.52664
5.29089
4.41457
4.88143
4.68071
5.30079
4.78584
4.39371
4.74708
5.31794
4.57932
4.71354
4.11305
4.86148
4.37412
4.31995
4.91447
5.38578
5.14651
4.75011
5.03346
4.3529
4.52715
4.89062
4.82777
4.49042
4.23513
4.89784
4.37173
4.69884
4.74873
4.70015
4.9531
4.66565
4.7207
4.99895
4.93826
4.85598
4.68992
5.47129
5.38448
4.7956
4.6029
4.46623
4.82383
4.62499
5.22875
4.78087
4.32612
4.52458
4.54053
5.30512
4.85983
4.5587
4.64069
5.59385
4.99927
4.15163
4.90614
4.35642
5.01967
4.64759
4.96658
4.5824
4.5986
4.49702
5.28529
4.87707
4.3802
4.93421
4.05256
4.86581
4.92824
4.94846
4.31816
4.68132
4.71729
4.86636
4.67619
5.31046
5.05753
5.29328
4.98308
4.22052
4.94169
5.90404
4.58626
4.58983
5.0148
4.69312
4.61025
5.06982
5.43118
4.55843
4.26943
4.55341
4.81818
4.91363
4.77421
4.66528
4.66129
4.67471
4.30676
4.24197
3.98617
5.07475
4.62963
4.40065
4.71517
4.85599
5.09848
4.47742
5.28259
5.03315
4.31901
4.37627
4.90938
5.09785
5.0738
4.65702
5.05235
4.79088
4.99379
4.27373
4.63262
4.44419
5.09043
4.87967
5.16024
4.72128
4.35356
4.3265
4.02887
4.52482
5.4188
4.86304
5.24018
4.74638
5.20795
4.73528
4.28058
4.58213
5.37123
4.47462
4.7462
4.42318
4.37696
4.7528
4.37619
5.04344
4.54157
4.95261
4.59708
4.59628
4.98619
4.56275
5.2192
4.30052
5.20651
4.69985
4.53562
4.89044
4.91403
4.6219
4.98745
4.98415
4.86531
4.91512
5.17238
4.52311
5.52295
4.83522
4.69946
5.0025
4.16893
4.52134
4.84422
4.92593
4.8277
5.28306
5.41325
5.1847
4.54766
5.41226
5.03081
4.76353
4.60489
5.19498
4.83953
5.5083
4.71565
5.2768
4.20785
4.60768
4.62751
4.46303
4.8563
4.98532
5.27149
4.44876
5.00078
4.58103
4.24003
4.29844
4.93451
4.88618
5.08923
5.1109
4.79354
5.4036
4.25658
4.52029
5.02368
4.27403
5.44895
4.62364
4.9735
4.86546
4.42186
5.09081
4.69034
4.94527
4.73321
5.26612
4.76906
5.17702
5.02953
4.46916
4.70534
4.62516
4.98257
4.62703
4.70042
4.08961
4.80835
5.36048
5.46016
4.85495
4.08357
4.71261
4.62708
4.25804
5.1796
4.77566
4.9305
5.29608
5.24506
5.37414
5.73657
4.70905
5.13673
4.0965
4.40199
4.76357
4.98004
4.7395
5.00112
5.1698
4.88061
5.1353
4.8462
5.71161
5.20566
5.43552
5.37519
4.78337
4.86063
4.79191
4.52967
4.86344
4.80559
4.87673
4.51256
5.28322
4.9834
4.82114
4.24657
4.52153
4.63588
4.72316
4.65935
4.5227
5.34733
4.79936
4.86515
4.52602
4.94147
5.35768
5.31574
4.22968
4.18823
5.19923
4.74114
4.77459
4.12745
4.69285
5.10611
4.68126
4.62764
4.81467
4.86622
4.48481
4.59083
5.21508
4.90931
5.06922
4.57646
4.27831
4.8682
5.07086
5.22215
5.06261
4.85946
4.22035
4.49349
5.67902
4.70711
4.87085
4.83142
4.89425
4.8439
4.91748
4.37119
5.36262
4.76745
5.47284
4.95572
4.53301
5.53243
4.6644
4.77715
4.64359
4.87326
4.84898
4.35881
4.7061
4.235
5.0933
4.82598
4.69905
4.8835
4.81385
4.67496
4.77047
5.08411
5.31801
4.71803
4.73249
4.64105
4.48971
4.89256
4.86232
4.79715
4.53815
4.84768
5.17259
4.91689
4.86093
4.35205
5.03623
4.65462
4.69029
4.54898
5.15388
5.27969
4.76761
4.92333
4.63452
4.59058
4.84747
5.08793
5.11949
5.48219
5.21623
4.57134
5.01939
3.82442
4.94022
4.64024
5.03896
5.0699
5.10059
4.93159
4.65928
4.47237
4.71158
3.80126
4.40805
4.77876
4.8037
4.60071
5.28402
4.60524
4.32549
4.89404
4.81352
4.61722
5.10093
4.91889
5.08287
5.40601
4.55102
4.40358
5.02472
4.85185
4.78504
4.84591
5.41441
5.43359
4.4753
5.26148
4.87446
5.5889
4.60847
5.60748
4.46746
4.96666
5.12962
4.2253
4.44676
5.13315
5.23148
5.0027
5.14227
5.015
4.9434
3.99374
4.29755
4.85679
4.76516
4.56242
5.22543
4.43352
4.49172
4.90501
4.75628
4.73364
4.6321
4.45201
4.5319
5.01071
5.08528
4.99838
5.61363
5.0542
4.81024
4.76684
4.99063
5.34818
4.99281
4.81559
5.80055
4.68034
4.37958
4.84785
5.13877
5.0569
4.77159
5.12214
4.93196
4.78232
5.08226
5.16646
5.09423
4.63892
4.76081
5.43568
4.67037
4.7798
4.99587
4.80301
5.0633
5.20803
4.26779
4.56495
4.99544
4.99301
4.61342
4.40483
5.0677
4.77736
4.74611
5.11841
4.59846
4.20765
4.59854
4.75708
4.83038
4.7745
4.87092
5.28565
4.58162
4.47738
4.77539
4.82427
4.23424
4.65031
4.98018
5.93001
5.24722
4.61921
4.41068
4.49549
4.4534
4.39034
4.53594
5.19017
5.92304
4.47816
4.41972
4.88049
5.04434
4.90594
4.84486
4.23571
4.69378
4.47133
4.64323
4.56016
5.52282
4.56549
5.34644
5.193
4.28398
4.46686
4.24896
4.22951
4.84488
5.14715
4.52982
4.5844
4.9943
4.1298
4.62868
5.0413
4.86474
5.20982
4.2217
4.64749
5.33066
4.36427
4.68016
5.27367
5.29875
4.47534
4.79971
4.46117
4.83642
4.74277
4.8689
4.89929
4.8122
5.00799
4.71918
4.6758
5.11009
4.99891
5.21841
4.74332
5.32334
4.72172
4.78954
4.65368
4.38783
4.15384
4.87743
4.57171
4.35218
5.50515
5.00595
5.27039
4.73255
4.83222
4.28693
4.50015
4.9883
4.59266
4.59384
4.78933
4.34011
4.48797
5.11135
5.45523
5.72177
5.05758
4.3627
4.5309
4.3021
4.61079
4.57177
4.68072
4.68989
4.84451
4.34728
4.94161
5.29965
5.42097
4.48667
4.29804
4.76019
5.49381
4.4315
4.5563
5.08117
4.55267
5.29989
4.57666
5.01587
4.66708
5.24018
4.36445
5.18753
4.49686
5.47041
5.14562
4.55564
5.13471
5.05469
4.94434
4.47338
5.17298
4.69993
5.12646
5.69664
4.30944
5.21625
4.47847
5.25502
4.43298
4.97765
4.77769
4.8431
4.9967
4.98847
4.36878
4.5085
4.69644
4.55655
4.9237
3.98281
4.78263
5.0995
4.1594
4.82784
4.93576
4.62343
4.89507
4.71345
4.61411
4.5921
5.26324
4.46353
4.70408
4.86599
4.59673
4.56149
5.04691
4.75177
4.65589
4.87013
4.28111
4.53868
4.94187
4.17934
4.65882
4.62113
4.54843
5.20619
4.87332
4.63993
4.90507
5.01189
4.85651
4.53956
4.85916
3.91616
4.70878
5.46965
4.36824
4.76191
4.84368
4.4185
4.39095
4.49269
4.68843
5.06716
4.89808
4.59913
4.26561
4.87364
4.74978
4.95684
4.88492
5.36658
4.97272
4.46383
4.73818
4.85537
4.69426
4.42649
4.73662
4.50086
5.09471
5.22564
4.67268
4.53366
5.50399
4.41878
4.65808
4.22486
4.85091
4.51432
5.21102
4.4535
4.18624
5.4456
4.94585
4.35506
5.68292
5.07901
4.56409
5.34755
4.58526
4.29984
5.1421
5.04842
4.81466
4.58091
5.00629
4.50034
4.8765
4.162
4.95799
4.87208
4.36841
4.08753
4.74463
4.91224
4.35294
5.09601
4.12356
5.61778
4.84543
4.96302
4.98272
4.23894
4.62511
4.67808
5.08898
5.47384
5.17731
4.035
4.61885
4.72917
4.57999
4.88929
5.39549
4.9952
4.75162
4.5365
4.90223
4.68925
4.75875
4.67981
4.50955
4.84438
4.90624
4.78223
5.14181
5.33652
5.6049
4.905
4.70275
4.94393
4.73334
3.96566
5.11943
5.28946
5.25937
5.30534
5.21387
4.58419
4.72197
4.7683
4.24289
4.73434
5.0717
5.09122
5.36137
4.4735
4.83893
4.53147
4.0886
4.33134
4.57204
4.84217
4.47845
4.6807
5.185
5.14002
4.49569
5.07066
4.81506
4.85486
5.06971
5.04098
4.30742
4.97267
4.96312
5.37342
4.25481
5.18941
5.23468
4.20751
4.39182
4.93592
3.85541
4.97772
5.32832
4.89028
4.79231
4.92391
4.94643
4.76528
4.57513
4.86593
4.88931
4.49095
4.7399
4.33287
5.28729
4.84503
4.90476
4.67492
4.65118
4.65808
4.16231
4.57167
4.89439
5.03501
5.0586
5.30046
5.33698
5.10405
4.13754
4.95301
5.01281
5.09494
5.22035
5.1605
5.35919
4.38279
4.28576
5.06675
5.25175
4.8743
4.89266
4.63011
4.65439
4.64475
4.78395
4.27773
4.96349
4.90595
4.90438
4.9427
5.48528
4.58933
4.38025
5.11185
4.23147
4.69935
4.96525
4.99691
4.44353
4.7634
4.22245
4.87165
4.68839
4.60592
5.02531
5.28247
4.86758
4.87825
5.00265
4.87697
4.9213
4.36888
5.32777
4.46719
4.74923
4.45398
5.47648
4.92897
4.37621
5.36996
4.78023
5.03158
5.12592
4.25813
4.49751
4.8574
5.63985
4.78229
4.95912
4.54897
5.5848
5.19815
4.47263
5.06439
4.99432
5.13759
4.74306
4.27753
5.28966
4.35117
4.56949
4.73906
4.92383
4.5701
5.59744
4.59956
4.70987
4.27621
5.31806
4.84818
5.61938
4.2678
4.22828
5.47835
4.272
5.47004
5.05907
4.73824
5.13585
4.87883
4.27705
4.51118
4.67671
5.26221
5.59756
4.73359
4.78108
4.77193
4.55548
4.96128
4.42814
5.45943
4.42582
5.12746
4.74071
4.25973
4.82235
5.37817
4.43864
4.4738
4.52275
5.12593
5.95676
4.79691
4.64608
4.57687
4.8103
4.67269
4.73129
4.47162
4.60444
4.96307
4.71145
4.48945
4.62304
4.41518
4.82762
4.71444
4.40779
5.7334
4.96413
5.34819
4.43886
4.68582
5.05628
4.91257
4.845
5.16904
5.12753
4.69226
4.32358
5.23192
4.97324
4.64386
4.8539
4.55592
4.58645
4.99558
4.8888
4.0421
4.62503
4.54296
4.93814
4.82843
5.26443
4.56668
4.42681
4.92147
5.21494
5.03057
4.97832
5.28237
4.54185
5.07531
5.11856
4.78974
5.31447
4.57592
5.49892
5.47989
4.85356
4.83425
4.36338
4.75935
4.29891
5.06206
4.72513
4.78872
5.3104
4.96672
4.77007
4.57652
5.00076
4.41398
5.24973
5.1665
4.79199
5.06445
5.40436
4.47088
4.36939
5.43894
4.81643
4.88312
4.24219
4.83903
4.6561
5.18246
5.45963
4.89247
5.35381
5.05385
4.83851
4.37123
4.84048
4.64174
4.65871
4.8412
4.52561
5.26464
4.85056
4.88131
4.86992
4.6577
4.52745
4.89477
4.66254
5.12212
4.43535
5.66828
5.1046
5.19007
4.85007
5.3718
5.48854
4.83022
4.61025
5.77803
4.56555
4.48885
4.23832
5.47759
4.73246
4.90254
4.75015
4.62819
4.95977
4.81269
5.41313
5.29564
5.54039
4.77394
4.18677
4.80792
4.54354
5.27777
4.96915
4.97514
5.14393
4.38823
4.75172
5.07295
4.51326
4.69125
4.68706
4.40322
4.57144
4.75297
4.61408
4.71725
4.73364
4.65177
4.76317
4.58369
5.14366
4.90897
4.6013
4.68163
4.58326
4.6863
4.37462
4.6671
4.60972
4.2187
4.79678
5.35734
5.13018
5.13855
4.51802
4.87085
5.24119
4.85769
4.41961
5.06972
4.76147
4.88636
4.81384
4.74016
5.04024
4.57181
4.97887
5.0193
5.14739
4.57962
5.28877
4.24734
4.33712
5.24917
4.78621
5.13995
4.09479
4.4367
5.11404
4.5453
4.54191
5.6247
5.19469
4.62369
4.81233
4.62582
4.46358
5.0569
4.97413
4.93613
4.23138
4.42906
5.0837
4.63831
4.57678
4.43673
4.52327
4.23464
4.41584
4.98991
5.23451
4.36064
4.63443
5.09387
4.49199
4.56937
4.92621
5.07862
4.64539
4.86767
4.73134
4.96624
5.11497
5.01007
5.07732
4.66999
5.41579
4.26752
4.85827
4.62812
4.91005
5.44432
5.01385
5.16654
5.4089
4.75305
4.78186
4.89784
4.6721
4.80287
5.09116
4.83945
4.81061
4.5394
5.2359
4.61932
5.34496
4.38299
5.25903
4.97377
4.44547
4.24197
4.17196
4.73173
4.53177
4.71253
4.64631
4.7894
4.72268
4.74237
4.73229
4.54652
4.48792
4.82223
4.5941
4.46059
4.96591
4.57393
5.01845
5.25941
5.03796
5.37853
4.05461
4.35644
4.95631
4.67957
5.23768
5.40642
4.63568
5.28874
4.88598
4.06513
4.72654
4.82503
5.23958
4.31307
4.96318
4.92046
4.10379
5.02054
4.66994
4.95622
4.65101
4.62525
5.25667
5.1115
4.22137
4.22855
5.31069
4.51494
4.88304
5.13123
4.75565
4.89094
4.58277
5.17302
4.93917
4.77952
5.24102
4.41981
4.46991
5.33817
4.3996
5.01588
4.50424
4.46802
4.6071
4.58722
5.32921
4.2824
4.11597
5.40228
4.83352
5.14201
5.0499
5.35159
4.7286
4.57222
4.66529
5.34523
4.9219
4.9886
4.61652
4.71491
5.2973
4.80727
4.76983
4.6336
5.03826
4.8452
4.93371
4.82068
4.67864
4.38327
5.45695
5.02269
4.32708
4.4715
4.46323
4.50897
5.1503
4.46469
4.82148
4.75937
4.87137
5.15773
5.29667
5.78829
4.21948
4.8566
5.29324
4.75893
4.98705
4.80061
4.31156
4.59022
5.15377
4.95265
4.33781
5.52966
4.94186
4.69217
4.91364
5.02517
4.88326
4.18944
4.64817
4.32618
4.91105
5.51916
4.3622
4.84276
4.10747
5.16117
5.02614
4.78028
4.28218
4.52411
4.87057
4.48444
4.31272
4.5467
4.8864
4.5307
5.05519
4.24491
4.4992
5.04521
5.07907
5.06962
4.77699
4.26137
4.71309
5.05494
4.48915
4.99307
4.60793
4.80342
4.59684
5.12234
5.05324
5.3665
5.05372
4.15685
4.77605
5.83662
5.48438
4.60182
4.93211
4.50736
4.19376
4.64282
5.38247
4.52019
5.05367
4.38337
4.90057
5.29635
4.37645
4.72839
4.94858
4.81792
4.67838
4.6771
4.53341
4.76751
4.40313
4.08027
4.9521
4.76283
4.26267
4.58005
4.63851
5.30005
5.07915
4.54968
4.93496
4.96333
4.58623
4.62577
4.43358
5.60517
5.28247
5.47335
5.24702
5.11159
4.76262
5.24458
5.00089
4.68443
4.73843
4.50711
4.22055
5.14744
4.96243
4.70993
4.97788
4.79763
4.59304
4.79162
4.87221
4.82239
4.66679
5.13582
4.66705
4.25719
4.59064
4.75233
4.68269
5.09567
4.19197
4.93287
5.32879
5.09941
4.35776
4.99168
4.54533
4.57214
4.51695
4.38789
4.51954
4.96394
4.76187
4.82254
4.91958
4.84703
4.103
4.80969
5.10265
4.48959
5.21311
5.39717
5.06347
5.00284
4.44014
4.88658
4.21454
5.34716
4.77687
5.16776
4.8056
4.69928
5.12604
4.97275
5.15567
4.76962
4.33863
4.92916
4.55283
4.86516
4.8194
4.55748
4.91948
4.63823
4.32814
4.79588
4.92469
5.03449
4.44892
5.22758
4.33815
4.91852
4.34867
4.47701
4.92781
5.39298
4.84288
4.80652
4.2016
4.73229
4.43146
4.57756
4.58943
4.82155
5.43499
4.6539
4.1916
4.03758
4.15563
5.25496
4.9149
4.53257
4.57275
4.15789
4.44447
4.1139
4.59639
4.64232
4.75359
5.08786
4.81519
4.18396
4.29429
4.94921
4.79076
4.71923
4.81338
5.19383
5.22972
4.67072
4.58506
5.07191
4.66112
4.55247
4.76112
4.61972
4.84383
5.04926
3.97294
4.99684
4.92923
4.61434
4.338
5.06681
5.13712
4.48448
3.95669
4.93937
4.67142
5.0126
4.51454
4.97329
4.3834
4.69387
5.80073
4.39102
4.80739
4.5483
4.7881
4.92495
5.08882
4.78276
4.72263
5.17892
4.75272
4.64574
5.20774
5.02474
4.9597
5.21334
4.67935
4.47446
5.11702
5.12245
4.66554
4.57248
4.69124
4.4884
4.65249
5.20236
4.54493
5.03924
5.25871
4.65685
4.96201
4.36802
4.82203
5.38276
4.9407
4.39056
4.79601
4.26554
4.76474
4.59427
4.40369
4.24739
4.65905
4.97705
5.36657
5.11089
4.41209
5.09399
4.47021
5.0516
4.71037
4.81148
4.91725
5.13295
4.70774
4.77083
4.2259
4.72486
5.07373
4.48367
5.01893
4.65106
4.2374
4.8456
4.70878
4.36707
4.69693
4.57008
5.1213
4.97536
4.98206
4.78849
5.47547
4.43082
4.64469
4.54336
5.22376
4.7008
4.69513
4.78949
5.48137
4.54429
4.95474
4.834
5.10716
4.95681
5.03102
4.66785
4.49861
5.14835
4.87267
5.24118
5.04815
4.23594
4.50848
4.84077
4.32847
4.62291
4.42873
5.44411
4.57138
4.77181
4.89105
4.36765
4.54519
5.06078
5.68968
4.4372
4.79412
4.87114
5.14676
4.80988
5.23588
4.49704
5.0313
4.22445
4.32473
5.4393
5.16502
4.7374
5.17543
4.72996
4.96666
4.8778
4.47427
4.83697
4.75786
4.53351
5.05185
4.9987
4.83411
5.09322
4.4727
5.40468
4.31701
4.62246
5.3862
5.17516
5.698
5.34185
4.89699
4.64852
4.60262
4.75271
4.78504
4.64524
5.00273
5.23366
5.00876
5.08889
4.98648
4.91593
4.65606
4.79786
4.8178
5.01828
4.8205
4.58725
5.08551
4.59914
4.5609
4.57296
4.25786
5.13086
4.92375
4.49468
4.82756
4.67865
4.39037
4.99849
5.20879
5.61515
4.84396
4.61922
5.10541
5.45871
4.9587
4.75372
5.04904
4.86652
4.8046
4.21197
4.73177
4.73824
5.4901
4.72443
5.15125
4.78119
4.93809
5.34619
5.30269
5.146
5.02491
4.79675
4.73093
4.45143
4.56598
4.81534
4.66432
5.0298
5.83872
4.47211
4.29904
4.56729
4.18159
4.90735
4.58402
4.56986
4.36152
4.86536
4.25003
4.59475
5.20944
4.51106
4.76805
4.54975
4.94826
4.5789
4.91673
4.88484
4.69024
4.99085
4.93938
4.42067
4.58191
5.18271
4.83773
5.04594
4.86752
4.92225
5.06841
4.78475
4.71176
4.7966
4.74635
5.53428
4.78423
4.01253
4.97825
4.72305
4.51846
5.39454
5.34224
4.51993
4.46357
4.49175
5.34733
5.131
4.76329
4.33787
4.91718
5.20286
4.40945
5.21344
5.35713
5.24451
4.81255
4.52163
5.32727
3.83428
4.95878
4.68909
5.43764
4.65686
4.32541
5.56308
4.64873
5.34672
4.50101
4.69922
4.37201
4.76986
4.11163
5.05274
4.91396
5.08737
4.89249
5.12391
4.83914
4.6518
4.83421
4.7248
4.59578
4.98999
4.99782
4.67412
4.89289
4.52231
4.71051
4.75512
5.71639
4.93542
4.68922
5.18478
4.749
4.92698
4.307
4.94803
4.14413
4.28956
4.66302
4.41223
5.19248
4.68138
5.11678
4.69664
5.21139
4.61487
4.78222
4.86688
5.15491
4.38133
4.96684
4.41231
4.79076
4.62512
4.48388
5.17604
4.54818
5.12077
4.39139
4.69706
4.37545
4.88548
5.48738
4.80204
5.48337
4.86504
5.24798
4.55877
4.6401
4.71231
4.8057
4.88007
4.93165
4.38402
4.75392
4.49104
4.97992
4.48871
4.74589
5.04236
4.54016
4.43424
5.37587
4.80005
4.99169
4.73561
4.5348
4.60922
4.92984
4.86984
4.61573
5.5952
4.30201
5.37307
5.24407
4.8303
4.52507
5.13749
4.66226
5.40835
4.92459
4.9844
4.6959
5.94386
4.73298
5.14119
4.8348
4.73842
4.48609
4.57323
4.74758
5.10369
4.45195
5.14904
4.72167
5.10309
4.7116
3.89173
5.28227
4.60963
4.85454
5.10018
4.67592
4.27594
4.57679
4.52864
4.28682
4.88759
4.87131
4.80021
5.21004
5.71306
4.85692
3.99646
4.51304
4.11675
4.65276
5.37106
4.58659
5.29288
5.21455
4.76498
4.66868
4.19315
4.75469
4.99983
4.88551
4.77953
4.68569
4.27501
4.62869
4.59251
4.86268
4.50163
4.43922
4.45066
5.3129
5.30899
4.24396
5.1401
5.14502
4.1264
4.71625
5.49105
4.43979
4.92886
4.4409
5.69519
4.87462
4.80706
5.08253
5.30708
4.77634
4.89541
4.7486
4.33553
5.11914
5.13628
4.82777
4.87522
4.91189
4.61929
5.27732
4.85475
4.66208
5.08193
5.39576
4.86704
5.43449
4.99543
4.66515
4.7064
4.96613
4.19168
4.97713
5.00494
5.39387
5.30829
4.64135
4.49368
4.87505
4.74426
4.52108
4.42003
4.80809
4.14501
4.85369
4.30126
4.36424
4.79605
4.76995
5.3844
4.93996
4.36684
4.47652
4.82181
4.37444
5.13599
4.59653
4.59519
5.08665
4.31529
5.47378
5.17352
5.28015
4.76347
4.61876
4.8196
4.97225
4.72732
4.93118
5.22236
4.26872
4.90124
4.31184
4.31004
4.89059
4.87822
4.77781
4.60016
4.57196
4.44804
4.86994
4.90035
4.34564
5.01294
4.90147
5.32407
5.33329
5.07241
5.5287
4.43181
4.64526
4.527
4.90084
5.31426
4.86842
5.42009
5.03876
4.55841
4.57244
5.18899
4.63888
5.14658
4.46092
4.78458
4.60572
5.11197
4.38535
4.36646
4.46697
4.48653
4.96402
5.01586
4.85959
4.33355
4.48834
5.42312
4.11812
4.60531
4.71218
4.8499
4.48048
4.46315
4.72859
5.23521
5.00415
4.93343
5.08783
5.15936
4.91685
4.96579
4.6188
4.81045
4.89517
4.43106
4.65627
4.66096
5.13853
5.5213
5.3307
5.09059
5.01307
3.99597
4.44549
5.27148
4.7027
3.99361
5.06888
5.60788
4.56874
4.93765
5.32484
4.42662
5.14338
4.25789
4.64931
4.63552
4.88223
5.47622
5.14923
4.68842
5.34386
5.03727
4.89446
4.83111
5.2552
4.99934
5.51545
4.2473
5.45336
4.31744
4.60031
4.86133
4.04331
4.22619
4.32653
4.81839
4.7285
4.60373
4.8637
4.22255
4.84804
5.34244
4.93713
4.86572
4.20869
4.50494
5.17618
4.42761
4.42634
4.7591
4.78102
5.39852
5.25274
4.96735
5.31558
4.65892
4.65258
4.92319
3.98733
5.23359
4.67858
5.33276
5.22678
4.59242
4.85547
5.57652
4.39805
4.31208
4.77721
4.85217
5.15136
5.41249
4.56086
4.93891
5.7481
4.62151
5.11872
4.9442
5.18863
4.98605
4.569
4.83552
5.16382
4.77768
4.72101
4.4782
5.0239
4.86224
4.61372
4.53656
4.9414
4.13054
4.33915
4.72785
4.56923
4.78374
4.81263
5.29383
5.26263
4.99062
4.71363
5.0473
5.20648
5.59667
4.58938
4.79743
5.40994
5.1134
4.6916
5.16951
4.87121
4.87285
4.627
5.42137
5.63322
4.66151
4.38369
5.23626
4.46362
4.5785
4.81794
4.8847
4.51261
4.86023
5.03566
4.51838
4.75306
5.06634
4.89158
4.9479
4.58087
4.91195
5.41533
4.79485
4.93764
5.18817
4.72286
4.66333
4.54683
4.27873
4.64049
4.58237
4.46366
4.35602
4.48413
5.26424
4.52119
5.15201
4.62967
4.69884
5.12213
4.4433
4.33717
4.18667
4.49175
4.7391
4.94184
5.48379
4.83648
4.36338
5.23968
5.2808
5.55007
5.03703
4.83522
4.45637
4.54675
4.84464
4.81498
5.11652
5.02922
4.9954
4.65711
5.08239
4.4096
4.71171
5.38324
4.92555
4.65164
4.36635
5.16157
4.41417
4.51889
4.79875
4.33711
4.63894
5.0473
4.55512
5.25362
5.10534
5.31878
4.11916
5.06225
5.02423
5.16487
5.2308
4.41273
4.93479
4.68751
4.60383
3.93776
4.46943
5.04934
4.54292
4.62512
4.96846
4.70555
4.67676
4.83743
4.33647
4.05387
4.71669
4.90363
5.35056
4.75245
5.32162
4.96255
4.66508
4.59101
4.6718
5.42625
4.71666
4.57263
4.38471
4.27574
4.85694
4.45186
5.05425
4.44891
4.92825
4.89998
4.86721
4.83393
4.90538
5.3234
4.62178
4.98662
4.737
4.64438
4.61793
5.09944
5.03651
4.71829
5.37729
5.07551
4.75645
4.81174
4.6758
5.2059
4.15276
4.74729
4.95715
4.55827
5.14114
4.79763
4.33437
4.50319
5.64055
4.92054
4.3217
4.92365
4.35505
4.75651
4.39445
4.54533
4.71435
5.50051
4.35501
4.34895
4.91708
4.14682
5.10853
4.54179
5.13788
5.13868
5.28531
4.90042
4.91681
4.93105
4.99087
5.01823
4.20589
5.02114
4.66679
5.51702
4.67551
4.50712
5.11585
4.78428
4.67575
4.61502
4.84875
4.39665
4.95688
5.00251
5.113
5.57254
4.4415
5.06657
4.50665
4.44093
4.94551
4.91941
4.48611
4.75653
4.73878
4.68927
4.32868
4.47607
4.82417
4.55895
4.46319
5.28881
5.26318
5.16087
4.65601
5.10123
5.16997
5.02345
5.2716
4.7409
4.82795
4.98667
4.55839
4.21344
4.5336
5.05252
4.76492
5.13065
4.40566
5.16911
5.00939
4.96243
4.58695
4.51606
4.44765
4.71915
5.4915
4.83893
4.94521
4.91238
4.57275
4.4929
4.94071
5.02212
4.55146
4.66421
5.16787
4.71653
5.12993
4.38449
5.01347
5.10854
5.2575
5.23273
4.56901
4.41656
4.85966
5.30829
4.60519
4.88904
4.5784
5.21457
4.90292
4.35932
4.55
4.84966
4.81119
5.69347
4.48066
4.69168
5.01465
5.10068
4.42672
4.57422
5.22341
4.3659
4.5598
5.29145
5.24667
4.63249
4.75175
5.09407
4.40336
5.27617
4.7525
4.5408
4.36639
4.77455
4.66615
5.23503
4.65997
4.74213
5.26904
5.71296
4.82857
5.15556
4.36004
4.81521
4.64299
4.54824
4.93868
4.72176
4.83494
4.80016
4.43375
4.80617
4.73545
4.74552
5.17672
5.36082
5.63433
4.91209
5.1508
4.5173
4.22937
4.67152
4.65618
4.94559
4.76278
5.41713
4.27741
4.26379
4.47338
4.28995
5.96849
4.69285
4.92917
5.26258
4.4212
4.972
5.59858
4.52999
4.47155
4.79845
4.96183
4.64095
4.3524
4.72754
4.33293
5.33361
5.10284
4.55892
4.72019
4.46864
4.74727
4.59868
4.63376
4.48601
5.02377
4.26298
5.13282
4.30936
4.55889
5.11418
4.79293
4.68649
5.13169
4.63908
5.47539
5.04336
4.72531
4.45209
4.52716
4.81865
5.7407
5.3293
5.05103
4.80072
4.66159
4.46101
4.78499
4.62847
4.51046
4.79827
4.28185
4.9893
5.25374
4.31501
3.80491
4.49372
5.22798
4.70727
5.06428
4.55686
4.94093
4.20956
4.99581
5.37393
4.06187
3.65754
4.69716
5.23969
4.6475
5.30912
5.19113
4.51635
4.88245
3.99141
4.91609
5.0595
4.51711
4.66592
4.56473
4.45967
4.74708
4.29867
4.63741
4.74245
4.42018
5.10301
4.58534
4.74967
4.55627
4.72747
5.42483
4.27471
4.40167
4.39688
5.03455
4.88648
4.25714
4.76095
4.73395
4.85361
4.67834
4.25893
5.42434
4.69187
5.05753
4.15588
4.19047
4.68585
4.66009
4.99478
4.79175
4.61319
4.73822
4.46636
5.79396
5.08994
4.76037
4.3202
3.9369
4.67827
4.22322
5.01749
5.05787
4.34763
5.35715
4.71611
4.67463
4.45025
4.37114
4.63773
5.21975
4.63257
4.71746
5.19474
5.24394
4.83157
4.43592
5.1501
4.88157
4.81265
5.02492
4.6037
4.71101
4.49311
4.83397
4.91268
5.03792
4.96344
4.97389
4.61066
4.59817
4.89285
5.28891
5.04203
5.61742
4.43017
4.69795
4.82702
5.00326
4.24195
4.40003
4.78749
4.59055
4.4457
5.54144
4.581
5.24777
4.73305
5.06151
5.25132
4.41882
4.64459
5.36488
4.80009
4.71027
5.12806
4.74277
5.16419
4.90405
4.68501
4.77
4.62402
5.50005
4.49559
4.9538
4.3319
5.22605
4.59954
4.9249
4.6231
4.70137
5.14906
4.36008
4.80047
4.64578
4.63187
4.76678
5.2458
4.33115
4.76439
4.85526
4.7893
4.50737
4.7695
5.15544
3.96503
4.99316
4.74446
5.55339
5.30238
5.42448
4.76655
4.87646
4.8303
4.60378
4.27265
5.16535
5.47877
4.77294
5.12071
4.52748
5.31505
5.3009
4.7663
5.29949
4.99354
5.29983
4.85674
4.67513
4.43338
4.88703
5.0422
4.98765
4.5642
4.76333
4.75402
5.0176
3.82854
4.76467
4.84286
4.0328
5.16981
4.48435
4.79242
4.02207
4.7569
5.05224
5.04056
4.96953
4.03103
4.56934
4.45615
4.52038
4.6646
5.19872
5.28228
5.07316
4.97891
4.59422
5.05018
4.97546
4.22922
4.65545
5.35811
4.87484
4.60089
5.07439
4.58386
5.00178
4.85782
4.56329
4.74995
4.74952
4.18381
5.35527
4.21152
4.5514
5.1689
4.12482
3.51041
5.02731
4.70231
4.62708
4.23486
5.0539
4.83599
4.89074
4.69603
5.56794
4.62221
4.79719
5.20311
4.2455
4.98803
4.87337
4.78204
4.13893
4.5513
4.89734
4.68083
4.31393
5.42223
4.26467
5.09556
4.13771
5.12335
4.14208
4.43863
4.59905
4.78687
4.16227
5.12458
4.87729
4.8622
4.67028
5.04897
4.76663
4.7278
5.08355
4.68416
4.21248
5.65055
5.14404
5.08873
4.98714
4.38125
4.8124
4.72994
5.38961
4.62805
4.46792
4.59723
4.60107
4.48972
5.03155
4.81276
4.12038
4.73557
4.7709
4.26186
5.03329
4.99217
4.69615
4.57672
4.03487
4.92475
4.92936
4.96636
5.24257
5.01012
4.24764
4.25264
4.77849
4.63174
4.37917
4.76816
4.39514
4.76543
4.3952
4.73058
4.81301
5.0576
5.22326
4.74087
5.23464
5.23375
5.70795
4.40724
4.40339
4.80729
4.54923
4.70766
4.53334
4.28288
4.61467
4.6766
4.46393
4.34912
4.78228
4.72412
4.6135
4.0635
4.17398
4.94086
4.59889
5.80421
4.97285
4.76649
5.21304
4.81296
5.39745
4.75005
5.12879
5.12181
4.92184
4.85112
4.68837
4.47059
5.29469
4.48519
4.85448
4.88813
5.1269
4.77089
5.02397
4.8619
5.0932
4.55165
4.702
4.78574
4.04331
4.54114
4.64664
4.23343
4.39925
5.37244
4.37334
5.77467
4.95176
4.3659
4.80791
4.41347
5.01757
5.18743
5.45817
5.15742
4.78263
4.40466
4.45064
5.50195
5.09046
4.86872
4.7117
4.54303
4.30132
4.39531
4.63092
4.49755
4.3057
4.58341
4.77852
4.61827
5.01027
4.39761
4.89173
4.50873
5.20323
4.67233
4.65524
4.98198
4.72469
4.44428
4.98432
5.11783
4.48774
4.33152
