26.1285
9.61156
8.17389
7.39581
7.07347
8.08582
8.16388
8.66296
8.86244
8.26967
8.04334
7.06404
7.74648
8.5068
6.76613
6.36898
6.61519
6.85305
6.91051
6.98432
6.55773
6.93583
6.2383
6.51131
5.75545
6.45418
6.02868
5.60482
5.79452
5.66734
5.79312
6.24292
6.86157
6.55898
6.6566
5.76298
5.39104
6.14154
6.43646
5.75671
6.04664
6.62115
6.21159
5.78217
5.38991
5.49867
6.09603
6.19307
6.28157
5.26081
6.51563
6.28138
6.36972
6.08052
6.16016
6.24073
5.65367
5.68084
6.2266
5.83507
5.53352
5.74612
5.57432
5.47258
5.70281
5.76878
6.35712
6.17143
6.39886
6.06809
5.73871
6.33412
5.60193
5.42677
5.67271
5.84076
4.85093
5.55801
6.02051
5.62936
5.97762
5.16175
6.03822
6.40982
5.82328
5.77683
4.80194
5.10217
5.90875
6.4182
5.91623
5.65568
5.29447
5.7965
5.26621
6.2397
5.75743
5.95839
5.45924
5.05282
6.59568
6.35223
6.15205
6.05893
5.81711
5.3267
5.82878
5.33792
5.75606
5.76736
6.12787
5.62233
5.82176
5.9022
6.1724
6.81655
6.06355
5.99835
5.38399
5.82561
6.02627
4.93717
6.13505
5.6613
5.86785
6.39669
5.7492
6.15607
6.3453
6.10425
6.1929
5.91671
5.63707
6.29623
7.50994
7.07106
5.8673
5.65811
6.0758
5.30572
5.86313
6.42142
5.75451
6.05277
6.21225
5.79858
6.31687
5.79804
5.81892
5.82772
5.2138
5.95099
6.40139
5.62355
6.32026
5.71985
5.95208
5.81212
5.79153
6.22983
5.11282
5.37437
5.7264
4.94041
5.59463
5.09925
6.54838
6.24098
6.22186
6.10225
5.19891
5.48352
5.52928
6.43502
5.70306
7.00122
6.22625
5.71038
6.1901
5.48595
4.91422
5.95323
5.90077
5.38435
5.91321
6.01374
6.71116
5.66346
5.73729
5.05031
6.24946
5.96958
6.6
5.91765
5.74253
5.32718
5.35508
5.39143
5.40679
6.10325
5.94665
4.9557
5.4212
5.66314
6.57296
6.30821
5.02841
6.40927
6.09751
5.76104
6.19809
4.94955
5.88925
6.23396
5.7007
5.31624
5.70167
6.42889
5.72409
5.61852
5.81042
5.8571
6.01867
5.81517
6.03419
6.07603
5.27117
5.58024
6.37049
6.37554
5.62669
5.44148
5.98557
5.58412
4.89857
5.7279
5.62116
6.06355
5.63837
5.57509
6.06015
6.62518
5.13246
6.01827
5.85831
5.46298
5.42744
5.81829
5.39387
6.26326
5.7456
5.57008
6.66764
5.51589
5.69022
6.37927
5.91961
5.75207
5.84014
5.46029
5.13606
5.91889
5.62872
5.50709
6.28412
5.15822
5.78808
5.17494
5.67731
6.63752
5.5014
5.66102
6.30672
5.60711
6.20817
5.74783
5.78324
5.33836
5.32762
5.2936
5.81128
6.58985
5.42255
5.917
5.82912
4.6388
5.99868
5.83488
5.75532
5.18899
5.88622
6.35367
7.28472
5.07223
5.82494
6.26064
5.48097
5.25037
6.06452
6.20103
5.61603
5.26918
5.67246
5.86596
6.52914
5.26256
5.59663
5.57653
6.31155
5.37777
6.83794
5.95445
5.77389
5.47395
5.96769
5.89405
5.36011
5.66898
5.459
5.56888
5.15187
6.6669
5.41772
5.92057
5.44219
5.9857
4.96089
5.63141
5.86893
5.67149
5.39846
5.98621
6.28346
4.84779
5.9371
5.71098
5.50252
5.68167
5.90576
5.84049
6.51814
5.44454
5.34323
5.18703
5.38313
6.09353
6.43674
4.88349
5.7482
6.4696
5.88911
5.72237
5.01405
5.49818
5.11408
5.74865
5.37274
6.27554
5.75219
4.91739
5.71681
5.45954
5.57509
5.82964
5.09282
4.70447
5.64362
5.92663
4.92839
5.29969
6.28836
5.84871
5.40813
6.09867
6.23406
5.91252
5.70491
6.18897
5.71618
5.67361
5.56518
5.86539
5.53784
6.10703
6.02213
5.94222
5.97676
5.63267
5.40524
5.48479
5.96341
5.25224
5.6073
6.32791
6.16118
5.77849
5.93045
5.72505
5.84709
5.56452
5.89519
5.60088
5.91152
6.03997
5.86725
5.65061
5.50241
5.60149
6.2063
6.27728
5.03095
6.52037
5.94173
5.85044
6.26898
5.07414
6.40104
5.9562
5.27563
5.76866
6.26513
5.95261
5.81056
6.08034
5.87374
5.26745
6.94443
5.24462
5.1921
5.06541
5.53213
5.36428
6.74405
5.434
5.93191
5.70587
5.42384
6.14653
5.50904
5.95663
6.21326
5.54762
5.0605
5.91404
5.64232
5.37831
5.12187
6.04829
5.27704
5.33904
5.67244
5.25044
5.9662
5.60458
5.65075
5.80218
5.74832
5.76513
5.36447
6.02014
4.88116
5.42464
5.20534
5.04856
5.19529
5.33314
5.05658
5.66228
5.83538
6.20872
5.86641
5.76783
6.01159
5.98514
6.31388
5.08517
5.72098
5.21957
6.38183
6.86711
6.20676
6.2289
6.11764
6.11009
5.21956
5.12257
5.75759
5.72408
6.44824
5.39708
6.1224
5.62843
5.53901
5.80644
6.55701
5.71847
5.69822
5.85612
5.81385
6.78526
5.55297
6.1002
5.92332
6.38053
5.45685
5.37
6.35681
6.08588
5.793
5.6525
5.42186
6.50606
5.98741
5.62635
5.4934
5.98911
6.42903
5.7166
5.66462
4.99525
5.92814
6.00239
5.95439
5.72557
5.47144
5.1328
6.33928
5.68171
5.7135
5.43301
6.19315
5.26668
5.8154
5.19541
5.68622
5.34695
5.11493
5.81371
5.43438
5.26621
5.65755
6.06467
5.91616
5.54143
6.44978
5.83097
5.42027
5.6669
5.54379
5.62383
5.67707
4.92641
5.0986
5.40643
4.75872
5.27269
5.32064
5.97135
6.03613
6.394
5.69593
5.83725
5.38636
5.067
6.40278
6.73934
5.10447
6.19756
6.11484
6.78399
6.14714
5.99078
5.67181
6.06222
6.4023
5.42109
5.5804
6.01397
5.82972
5.81837
5.9891
5.19205
6.29574
5.88589
6.10507
6.1215
5.59031
5.79654
5.32617
5.2665
6.59524
5.32296
6.24161
5.70555
5.41853
5.77868
5.82379
5.90678
5.68943
5.7494
5.89105
5.65652
5.73823
6.22622
5.8614
6.33404
6.03448
6.13447
5.3644
5.86856
5.94066
6.3695
6.46335
5.97384
5.38566
5.3858
5.66042
6.06226
5.13562
5.28204
6.00748
6.1977
5.62105
5.55633
6.17217
5.50999
5.33819
5.51106
6.24188
5.8766
5.66453
6.72573
6.02417
6.07514
5.78041
5.36503
6.55277
6.00262
6.40765
5.57034
5.46779
5.4493
6.06326
5.73988
5.54862
5.98898
5.85451
5.85756
5.0418
5.82525
5.72358
4.76401
6.18558
5.47349
5.60149
5.48324
6.0216
5.57719
5.70589
4.75432
6.31849
5.52316
5.8802
5.12429
6.22942
5.74278
5.11977
6.42352
4.98593
5.42897
5.50778
4.87231
6.87176
5.84412
5.90602
5.82577
5.14278
5.88954
5.79972
5.25856
5.93029
5.71927
5.74826
5.50345
6.42618
5.80987
5.74444
5.71524
6.31455
5.02477
5.28049
5.95113
5.69543
6.22362
5.95385
5.45209
6.28659
5.73133
5.60629
6.44115
5.29791
5.44881
6.13009
6.22246
5.36853
5.60592
5.20087
5.59512
5.34942
5.88324
5.5622
5.41389
5.78763
5.73411
5.52103
5.68673
5.72148
5.47413
5.584
6.34288
5.84729
5.17465
5.62886
5.48731
6.02035
6.09906
5.92768
5.52946
6.45452
5.55098
5.98951
5.45503
6.13426
5.09055
5.63086
5.93435
5.28297
6.56193
7.2309
5.19217
6.97973
6.39561
4.53636
5.7515
6.17502
5.77232
5.00564
5.12128
5.20586
5.65742
6.10183
5.68747
5.26271
6.08715
6.14635
5.45107
5.23746
5.84694
5.49068
5.36598
5.92257
5.84736
6.0023
6.17694
5.41076
6.1601
5.75418
5.70746
5.61063
5.44109
5.65284
5.85509
5.90622
5.28402
5.6672
6.10614
5.16985
5.71205
5.47323
5.61623
6.53466
5.9038
6.18151
5.48625
5.40519
5.80021
5.56209
6.38348
5.57892
5.01689
6.6034
5.01164
5.03545
6.56964
5.59529
6.34899
5.43219
5.6077
5.4669
5.16392
5.99949
4.91295
6.27754
6.18002
5.8973
5.32938
5.56464
5.72821
6.17269
5.80289
5.78729
5.53421
6.13011
5.60752
5.51961
5.66979
5.08325
6.01266
6.28177
5.45287
5.54289
5.23121
6.10203
5.15817
6.04691
5.99412
5.57995
6.33455
6.19604
6.02291
5.62818
6.11797
4.97619
5.42629
6.22529
6.32389
6.98305
5.86385
5.21188
5.35785
5.10241
6.07411
5.64423
5.72022
5.49614
6.38107
5.11275
5.97889
5.84994
5.85924
6.28179
5.71035
6.68452
5.90162
5.56773
5.60414
5.49928
5.29963
6.27398
5.6562
4.91543
5.95597
5.50102
6.17963
5.03205
6.05034
5.776
5.87634
5.22137
5.39204
5.55299
5.35381
6.1316
5.94854
4.98132
5.80807
5.51387
5.87764
5.86045
6.56415
6.35096
5.51599
5.77009
5.56307
5.86291
5.90683
5.46745
5.25341
5.12232
5.60332
6.5459
4.93265
5.51862
5.15343
5.42573
5.67967
5.32577
7.05765
4.95228
5.44586
5.92446
5.57684
5.8104
6.25189
5.99078
6.76669
5.49047
5.5516
5.42202
5.72922
5.53773
5.44703
5.3374
5.84024
5.79975
5.77489
5.47424
6.19692
5.26076
5.48868
5.95455
5.55709
5.93281
5.70654
5.54273
5.76662
5.652
5.95349
5.17119
5.47972
5.81171
5.14286
6.32798
5.65778
5.36074
5.28657
5.59639
5.24567
5.56912
5.5125
5.63436
6.01748
5.87105
5.59687
4.91599
6.27328
5.67794
4.96197
5.53874
6.05919
5.64987
6.34734
5.48177
6.27136
6.15505
6.11065
5.24972
6.2676
5.869
5.78478
5.3835
6.15282
5.20829
5.91964
5.8345
5.16026
5.54415
6.15729
6.18589
4.92392
5.75384
6.31054
6.49232
5.67048
5.95879
5.97397
5.58622
5.21257
5.83916
5.36984
5.07399
5.88169
5.82686
6.0784
5.45089
6.02246
5.63034
5.37274
5.29205
5.54186
5.06165
5.63531
5.40513
6.26495
5.84066
5.72192
5.5648
5.87468
5.77307
6.41592
5.94588
5.54824
5.38209
5.04677
5.32451
5.68794
5.68359
5.07449
4.66874
6.03244
5.68603
6.06275
5.60969
5.19074
5.52153
4.84314
5.97069
6.47357
5.66362
5.47579
5.68737
5.45538
5.84246
5.79936
5.05181
5.71569
6.14446
5.31122
5.30284
5.46671
5.7151
5.81638
5.5964
5.64845
5.16244
5.80911
5.75692
5.05066
5.18042
5.33423
5.74306
5.9357
5.71316
5.58789
5.68696
6.79927
5.30158
5.68552
5.79351
5.62463
5.95532
5.50894
5.86516
6.48928
5.90139
5.62274
6.32684
5.7337
5.12859
5.40181
5.90431
4.8117
5.20676
7.09489
5.22643
4.96096
5.87519
5.19009
6.15211
4.89341
4.52224
6.13784
6.00849
5.60749
6.17416
6.18116
6.05491
5.44035
5.8079
5.72975
5.61694
5.93847
5.5068
5.45667
5.50468
5.4707
5.33408
5.60249
5.34094
5.36942
6.30805
6.16849
5.36212
5.26895
5.07674
5.15207
5.87502
5.68853
5.21896
5.19572
5.62459
5.61611
6.15381
5.53012
5.12137
5.99539
6.4762
5.82635
5.75556
5.20387
5.26959
5.97216
5.02216
6.43063
6.34315
4.82792
5.54242
5.39599
5.78598
6.42329
6.05889
5.06556
5.80019
5.53991
5.79811
5.88425
5.61077
4.96439
6.70991
5.88652
6.13026
5.97953
5.57322
4.97165
5.72576
5.4155
5.86674
5.82576
6.03817
5.45035
5.28854
5.89316
5.34782
6.2067
5.39616
5.80877
6.14257
5.69795
5.85046
5.69096
5.67793
4.72701
6.20426
5.12954
5.45129
5.50468
6.49187
5.20509
5.29839
5.39998
5.53978
5.41549
6.32659
5.43908
5.64901
5.425
5.80666
5.41688
6.02447
5.95593
6.52865
5.33154
5.62893
5.55942
6.03634
5.16173
5.80782
5.67284
5.40939
5.92469
5.77942
5.1693
5.30519
5.26723
6.51631
6.19287
6.7953
5.8114
5.84876
6.10526
5.24788
6.14205
5.72885
5.26282
5.33928
5.61741
5.88734
5.31167
5.65533
5.50767
5.97137
5.27855
6.07078
5.24103
6.12659
5.93184
5.67046
4.85516
5.55038
5.64803
5.57712
6.04323
5.45478
5.75751
5.5403
5.37443
5.62464
5.34855
5.28274
5.50728
5.22904
5.58131
6.57196
4.99949
5.67612
6.43158
5.56363
5.9767
5.54884
5.7925
5.1261
6.08256
4.97046
6.03301
6.01396
5.31841
6.12721
5.72209
6.12348
5.58735
6.13721
6.11391
5.68301
5.3726
5.75309
6.02369
5.29496
5.59625
5.24789
5.02356
5.82148
5.23943
5.30841
5.62304
5.97118
4.97747
6.17554
5.86646
5.63946
5.5948
5.84166
6.51217
4.97983
5.44848
6.41712
5.51695
5.43477
5.15258
4.99604
6.06344
5.44816
5.69665
5.44022
6.29895
5.99251
5.90594
5.50102
5.54541
5.8733
5.77362
5.20013
5.34137
6.12765
5.66084
5.09182
5.16408
5.61996
5.64154
5.69301
5.82024
4.88931
5.53842
5.47885
6.06061
5.70106
5.86908
5.66634
5.25603
6.46262
5.99553
5.31812
5.59869
5.37198
5.45383
5.34502
5.76596
6.35394
5.53346
5.87209
6.03055
5.89184
5.80947
5.14233
5.90216
6.45498
5.51936
5.81398
5.64223
5.20454
5.58101
5.26962
6.11066
5.56076
5.83223
5.29354
5.50643
6.6576
5.9235
5.65237
6.08336
5.17948
5.1707
5.1505
5.47688
5.83381
5.96448
6.12325
6.53909
5.48587
5.6454
5.79359
5.33578
6.7188
5.37106
5.87355
4.78018
6.06968
5.51765
5.4831
5.4387
5.56521
5.26564
5.64288
5.45925
6.5451
5.70282
6.01899
5.56486
5.48809
5.96764
6.00894
5.92984
5.45163
6.30169
5.63729
5.48568
5.58096
5.81117
5.52843
5.48058
5.19912
5.76452
4.92058
5.02021
5.16117
5.14486
5.52512
5.10704
5.76403
5.62758
5.81223
6.40082
5.56688
5.90632
5.19008
5.60984
5.88168
6.2304
5.18164
5.65016
5.85764
6.01657
6.15555
5.80664
5.25653
5.5593
4.62814
6.57999
5.61614
5.53394
5.10543
5.24853
5.36759
6.42134
5.45587
6.2138
5.96415
5.30558
6.03484
5.6664
6.05132
6.07609
5.21236
5.88413
5.02525
5.46676
5.19815
5.74485
5.72643
5.60016
6.27936
6.20807
5.43392
5.18802
5.19931
5.60885
5.23068
5.54528
5.65731
4.59429
5.51755
6.21435
5.46782
5.5451
6.2793
5.78849
5.60309
5.45366
5.52355
5.35903
5.73431
5.42342
5.26044
6.11419
5.64291
6.41482
5.15625
4.81751
5.89794
5.41093
5.53197
6.10367
5.11941
6.06223
5.42137
5.01435
6.10357
5.58131
5.49121
6.15137
5.41835
5.36296
5.67402
5.35574
5.7434
6.26303
6.19584
5.73434
5.35518
5.20885
5.04746
5.55808
5.47678
6.55182
5.28096
6.25509
6.42454
5.6065
5.47821
6.29215
5.9467
6.06339
6.07389
4.86972
5.95102
5.69016
5.66956
5.31789
5.97058
5.39303
5.65226
6.42248
4.95797
5.42471
4.98788
5.67531
5.3674
5.84385
5.96263
5.84963
5.79345
5.66132
5.27617
5.28864
5.9087
5.72951
5.46515
6.04629
5.15269
4.88921
6.04769
6.52187
5.23191
5.27752
5.5676
5.94354
5.20994
5.24578
5.35134
5.23171
5.1139
5.24624
5.23448
5.05731
5.43131
5.16798
5.49582
5.81866
5.14811
5.26804
5.49003
5.60978
5.73049
5.76475
5.77087
5.51186
6.07357
5.89855
5.46668
5.51812
5.55848
5.71867
5.87848
5.96771
4.88374
6.30848
6.16391
4.72914
5.63779
5.53379
5.75062
5.73408
5.34025
5.32114
5.48095
6.24355
5.64696
5.35562
5.34467
6.19712
5.40305
5.82438
5.14515
6.28816
5.87068
5.53863
5.61914
5.38253
5.33026
5.46512
5.80047
5.70497
5.35651
5.2702
5.43107
6.48911
5.59238
5.62697
5.4744
5.24362
5.48379
5.57058
5.56242
5.54383
5.98661
5.60505
5.2803
5.26567
5.43887
5.06571
5.50828
5.6449
6.02286
5.72099
5.58103
5.79975
5.56023
6.0127
5.89423
5.64108
5.73261
5.55583
6.3494
5.76508
6.44999
5.65985
6.06318
6.44897
5.61529
5.38727
5.63087
5.80704
5.78327
5.06323
5.78675
5.60129
5.33029
5.48604
5.2026
5.23379
5.24514
5.45179
5.87952
5.5991
5.53469
5.62045
5.65598
5.28186
6.36267
5.8404
5.02702
5.45005
4.96743
5.57744
5.73813
5.91058
5.1354
6.50391
5.07137
6.15266
5.13167
5.33531
5.5258
4.92223
5.63317
6.1364
5.43427
5.63541
5.95999
6.10402
5.17816
5.54423
5.48816
5.20045
5.52854
4.91916
5.27506
5.23061
5.26981
5.39221
5.65356
5.58349
5.2204
5.02983
5.61078
6.39543
5.44727
5.44116
5.57536
5.3199
5.5278
5.27391
6.05158
6.88245
5.68797
6.48782
4.99034
5.62363
5.99902
5.24682
5.5526
5.55171
5.16029
5.74975
5.94751
6.0551
6.60549
6.25228
5.22351
6.19915
5.16704
5.17844
5.9028
5.38393
5.05722
5.93224
5.78067
6.03693
5.75078
6.07146
5.52936
5.65956
5.65653
6.20372
4.99793
5.51156
5.21157
5.88584
4.50255
5.84663
6.15985
6.82934
5.44527
5.7868
5.17722
6.44296
5.78978
5.05977
6.02423
6.11544
5.62598
5.2859
5.83451
5.21456
5.98734
5.60072
5.71818
5.48826
5.44162
4.8365
6.12825
5.36116
6.05098
6.17381
5.53674
5.96249
5.63274
4.82752
5.29161
5.17842
5.86105
5.76053
5.58514
5.63234
5.56679
5.44837
5.57776
6.66884
5.19479
6.78958
5.94417
5.64062
5.73843
5.98361
5.55806
5.61415
5.77447
6.12562
6.02226
5.43706
6.28337
6.12695
5.68588
6.06129
5.29103
5.57238
6.3507
5.72698
5.60775
5.39379
5.23594
5.82967
5.41772
6.01902
5.05276
5.58248
5.36684
5.11016
5.12567
6.78301
5.26026
5.80156
5.17483
5.09465
5.22647
6.53517
5.04216
5.26444
5.3824
5.70713
6.23256
5.68762
5.19638
5.76847
5.77203
6.31043
6.04593
6.37681
5.01055
5.5473
5.30373
5.83376
6.28389
5.07827
5.68533
5.77004
5.51754
5.12394
5.91432
5.37607
5.94356
6.27257
5.62868
6.09727
5.40811
5.12001
5.22935
5.12745
5.31247
5.51995
5.63531
6.04899
5.63767
5.87162
5.72682
7.00912
5.91375
5.91772
5.78734
4.99038
5.31239
5.50164
6.37069
5.42893
5.95634
6.18232
5.9715
5.48093
5.00032
5.61802
6.28102
5.85584
6.42347
6.55255
5.2737
5.26933
6.43037
5.25864
5.11654
5.48751
5.79599
6.1345
6.39427
5.21639
5.28873
6.25132
5.82297
5.22012
5.76134
5.45456
5.61442
5.31782
5.62459
5.59117
5.34125
5.1465
5.83996
6.75951
5.84063
5.71183
5.68893
5.15058
5.30942
6.51271
5.82241
5.63714
5.18978
6.16337
5.84087
5.82335
5.18033
5.14587
4.94791
5.51091
5.78176
5.53039
5.63747
5.36779
4.86532
5.66981
5.81024
5.34497
5.63926
5.81
5.35274
5.5958
5.79968
5.48475
5.96032
5.96552
5.3322
5.74106
5.78044
5.27699
5.817
5.58174
5.11646
5.92277
5.62453
5.53437
5.81159
6.64997
5.5645
5.51961
5.98983
6.45051
5.46244
5.36201
5.74957
5.87586
6.0365
5.50991
5.20799
5.92327
5.44289
6.53943
6.07452
6.60803
5.33744
5.98699
5.22597
5.15243
5.14371
5.36668
5.56034
5.80962
5.36622
6.24024
6.42069
5.92491
5.23283
5.64437
5.57695
5.94751
5.73208
5.53503
5.52358
5.36978
5.63305
5.69215
5.2555
5.88871
5.91414
5.36154
4.96204
5.69632
5.37054
5.02697
5.847
5.98104
5.46509
5.91472
5.64979
5.5945
5.88548
5.573
5.9506
6.0793
6.35477
6.19015
4.69284
5.65629
6.47724
5.21384
5.45519
6.44699
5.70628
6.34686
5.19827
5.70541
5.13908
5.955
5.74704
5.6047
5.22341
5.26315
5.89938
5.87968
5.74451
5.15882
6.14068
5.94562
5.62134
5.43705
5.22665
5.48805
5.04009
6.08221
5.79748
6.14383
5.66703
5.84082
5.70448
5.84061
5.31424
6.23164
5.8931
5.7438
4.89633
5.70995
6.2992
5.46136
5.40736
5.50905
5.93563
5.21607
5.2285
5.51224
6.10123
5.42934
4.99872
5.34386
6.12173
5.64082
5.40337
5.8968
5.96972
5.84151
5.32664
5.59251
5.09636
5.95021
5.99752
6.05733
5.8532
6.10793
5.68135
5.50102
6.13127
6.14962
5.75069
6.02508
6.15864
5.98724
5.99644
6.61992
5.84449
5.25177
5.88521
5.72639
5.88785
5.51674
6.13558
5.28892
4.57378
5.50763
5.7433
6.17669
5.89372
6.15628
5.49944
5.61447
5.80186
5.72669
4.67659
5.84712
5.60703
5.69165
6.20517
5.79045
6.21564
5.06579
5.85187
5.77444
5.17426
5.73952
5.96614
5.19313
5.48213
5.35673
4.5302
5.7379
5.00457
5.67358
5.56302
6.00065
5.72417
5.56736
6.16151
5.10332
5.54483
5.54949
5.81634
5.69935
5.17409
5.29944
4.64415
5.51298
5.93813
6.17085
6.08619
5.50692
5.12338
5.82551
5.28731
6.38099
5.99447
5.74733
4.7019
5.35987
5.74776
5.89099
5.10884
5.45059
5.17547
5.64197
6.33073
6.20809
5.76834
5.21713
5.33636
5.8744
6.38065
5.90375
6.29562
6.51965
5.71387
5.51619
5.6087
5.87736
5.63489
5.17516
5.23703
5.9389
5.07842
5.3419
5.31571
5.34242
6.13373
5.38964
6.30008
5.66118
6.10151
5.77213
5.23948
6.75062
5.53087
5.31677
5.20008
5.48963
5.82572
5.14968
5.2599
5.48572
5.67278
6.13465
5.33554
6.73384
5.4711
5.87565
5.56834
5.66518
5.48136
5.24487
5.21821
5.17419
5.44132
6.72185
5.90378
5.98386
5.47285
5.75268
5.91395
5.17483
5.72398
4.96831
6.43382
6.37008
6.08264
5.44095
5.72658
5.36342
5.26347
6.94942
4.86552
5.91086
5.96494
5.72318
5.54919
5.97325
6.14572
5.78392
5.19486
5.98542
5.4857
5.26682
5.44658
5.50498
5.58252
5.34665
6.07522
5.9918
6.26434
5.19013
5.38235
5.46251
5.11382
5.13709
5.67993
5.74383
5.11064
5.27722
5.81334
6.18473
5.17506
5.7086
5.71528
5.42113
5.40845
5.2071
5.79244
6.24831
5.10388
5.5174
5.27879
5.76975
6.3638
6.20073
5.46283
5.87905
5.83311
5.77775
5.7998
5.68407
6.51192
5.74471
5.03821
5.40768
4.78557
5.5759
5.92836
5.72141
6.42427
5.37971
5.5458
5.86849
5.69094
5.3887
5.87312
6.25846
5.22435
5.8371
5.65344
5.76328
5.94837
5.81307
6.20554
5.4528
5.42971
5.40254
5.57845
5.75041
5.32657
5.28382
5.67317
6.21996
5.78949
6.52168
6.01028
5.94261
5.45144
6.3234
5.655
5.56413
6.22482
5.60571
6.18294
5.36573
5.05927
5.07918
6.62157
6.12607
5.22474
5.75213
5.4405
5.6398
5.96828
5.73998
6.83129
5.33505
5.88763
4.87621
5.31102
5.39924
5.62936
5.67604
6.09122
5.29299
5.27906
5.00795
5.81909
5.06924
5.72155
5.66317
5.56542
5.9849
5.25592
5.58372
5.47441
5.50242
5.24051
5.81373
5.83151
6.53622
6.00071
5.63869
5.4129
5.48914
5.08786
5.36126
5.75339
5.90663
5.19157
6.11422
4.91368
6.09089
5.34353
5.47452
5.31409
5.58382
5.25056
5.82614
5.41362
5.99553
5.87927
5.72123
5.22372
6.04857
5.67252
5.99133
5.22393
5.66025
5.40299
5.49673
5.76134
5.30828
5.6359
5.18545
5.6181
5.7503
5.07655
4.95307
6.07981
5.08876
5.73059
6.11917
5.78833
6.43195
6.19763
5.32853
6.39627
5.51393
5.63577
6.08797
5.68335
5.94422
5.51045
6.05594
5.54766
6.74758
5.18026
6.36867
6.24789
5.15361
5.2479
5.88108
6.39815
5.88511
5.80811
5.03057
6.27554
5.62969
5.4808
5.84697
5.92399
5.59558
6.14337
5.96301
6.18751
5.55081
5.87693
5.84321
4.72076
5.23183
5.41157
5.85573
5.30902
5.31431
4.88878
5.43555
6.00381
5.47987
5.51294
5.7033
5.7425
5.02147
5.56702
5.36944
5.51426
5.28174
5.00716
5.93604
5.25827
5.43928
5.37479
5.16352
6.56822
5.41917
6.17896
5.35702
5.23458
5.32416
5.55259
5.80911
5.4506
6.86519
6.32652
5.8164
5.6278
6.49341
6.0968
5.30484
6.39673
5.71021
5.72286
5.71338
5.02474
5.39914
5.84701
5.89959
5.34711
5.35931
5.86494
4.69152
6.11006
5.70106
5.76627
5.77273
5.81702
5.6144
5.5553
5.80687
5.48308
5.55778
5.81046
4.77789
5.44113
5.95229
5.79666
5.77301
5.92632
5.13605
5.93887
5.77281
5.898
5.65723
6.07316
5.93628
5.67909
5.16517
5.87502
5.92949
5.88336
5.35772
5.25453
6.17598
5.98736
5.24182
4.87084
5.35635
5.65368
5.36439
5.4707
5.57642
6.17789
5.66221
5.42761
5.35585
5.85841
6.18119
6.08365
6.59188
5.55266
5.53282
5.43476
5.18186
5.57485
5.3103
5.49207
5.85012
5.38888
5.64306
5.3317
5.66602
6.29779
6.06863
6.08445
5.81713
5.5373
5.80884
5.32221
5.71501
5.77822
5.05795
4.9199
5.50355
5.71145
5.68427
5.80155
6.029
5.41487
5.10416
5.68427
4.92578
5.59196
4.80951
5.28125
5.7067
5.26098
6.1797
5.6792
5.14908
6.22675
5.35908
5.11811
5.82093
5.75784
5.66824
6.02278
5.81403
5.81877
5.93709
5.96913
5.82018
5.42201
5.46772
5.70004
5.1338
5.38248
5.62182
5.19448
5.70942
4.81188
5.10671
5.8771
5.75011
5.68861
5.61834
6.51179
5.29332
4.87337
6.78299
5.70393
5.63249
5.37022
5.83573
6.15691
5.75403
5.83156
5.79533
5.38169
5.75075
5.46811
5.371
5.68593
6.20118
5.23864
5.12239
6.28389
5.33712
5.26217
5.43052
5.52273
5.85321
5.18392
5.40584
6.26068
5.35215
5.66074
5.77928
4.70507
4.40505
6.88427
5.04771
5.50788
5.70894
6.27464
6.02945
5.17205
5.52568
6.31772
5.83215
5.78742
4.97633
5.0782
5.34209
5.97221
5.37304
4.87969
5.42372
5.32959
5.27955
5.04447
6.12511
5.55306
5.79547
6.38756
6.20285
5.53718
5.1945
5.65869
5.48955
5.88932
5.9126
5.44552
5.49658
5.73111
5.87087
5.64835
5.55823
5.77379
5.49548
5.64676
5.09839
5.55741
5.72199
5.42584
5.83892
5.9787
5.81806
5.38634
5.80079
5.7136
4.99811
5.48178
5.85992
5.86559
6.17294
5.58193
5.21136
5.55472
5.25615
5.81181
5.30144
5.84083
5.88971
5.45057
5.34887
5.77797
6.39064
6.17864
5.7776
5.89765
5.21146
5.39774
6.33357
6.09213
5.2787
6.01941
5.45621
6.44531
4.93271
5.8131
5.83333
5.60509
6.27173
5.90839
5.49527
5.71075
5.64294
5.4328
5.52426
5.8246
5.53501
5.4723
5.4495
5.00909
5.78882
5.6009
5.81296
5.50181
5.48596
5.61083
6.36561
5.55037
5.46517
5.38348
5.53329
5.5979
4.95216
5.87806
5.94697
5.33755
5.02097
5.61418
5.63809
6.24802
5.45214
5.77763
5.61006
6.10069
5.59963
5.64479
5.15561
5.09592
5.61108
5.58325
6.4516
5.91415
6.31472
5.1953
5.84076
5.69912
5.51665
4.94429
6.3338
5.19566
5.62483
5.13958
5.4028
5.73455
6.86321
5.12784
6.42456
5.66152
6.39596
5.74375
5.13777
6.2132
6.06947
5.30717
5.47265
5.41357
6.26705
5.50999
5.93765
6.09257
5.80401
5.64383
5.75433
5.8002
5.14315
6.15921
5.557
5.64797
6.0981
5.33389
5.62493
5.26052
6.93674
6.06963
5.68807
5.4444
5.28459
6.46008
5.9687
5.66994
5.63853
5.55747
5.85433
5.75538
5.61254
5.58607
5.27053
5.45968
5.58736
5.65829
6.4223
5.91295
5.80957
5.89857
5.8125
5.83534
4.92973
5.62472
5.86662
5.50595
5.21831
5.16768
5.23364
4.6354
5.27911
5.24644
5.24499
5.49534
5.19728
4.61621
5.80064
5.15577
6.38904
5.84528
5.81886
5.47858
5.7858
5.30793
6.09058
5.68547
5.47399
5.39147
5.45494
5.89794
6.65668
5.72816
5.90706
6.22214
5.19386
5.60617
5.1289
5.66076
5.98732
5.7127
5.44246
5.8493
5.6506
6.05342
5.49575
5.43742
5.23
5.8048
5.43108
5.45519
5.36427
5.63593
5.66301
6.03634
5.39706
5.70532
5.59506
5.89399
6.10143
5.54587
6.04573
5.31424
5.2949
5.74879
5.69787
6.03487
6.05846
6.17012
5.49974
5.87253
5.21917
6.42793
5.17821
4.7691
5.6331
5.67903
5.9815
5.62031
6.61534
5.64834
6.30472
5.98568
5.99634
5.54719
5.42401
5.52363
5.59697
5.5083
4.97714
5.65794
6.37694
5.22745
5.56289
5.59431
5.75613
5.08248
5.01904
5.98306
5.99205
5.3833
5.67523
5.38342
5.68644
5.71934
5.89557
5.66308
5.13778
6.02859
5.55252
5.44631
6.48136
5.79687
5.32636
5.76691
5.42613
5.37753
5.88451
5.18952
5.06586
6.36359
5.36555
5.99653
5.2557
5.54824
5.5385
5.22164
6.34287
4.94349
5.20233
5.32758
5.62163
5.73845
5.56846
5.3998
5.42971
5.61505
5.60309
6.34857
5.56964
5.89485
6.11513
5.3161
4.79345
5.52322
5.68056
5.64912
5.43797
5.6606
6.12038
5.39215
5.17459
5.6659
5.54301
6.89333
5.81879
5.72904
6.51003
5.82586
5.83463
6.01431
6.83304
5.72342
4.88672
5.67289
5.96639
5.39361
5.59038
5.52193
5.82437
6.05598
5.89341
5.26454
5.46545
5.54094
5.10349
5.5221
6.10476
5.72144
5.6369
5.20794
6.24151
5.30299
5.92636
5.78494
5.46626
5.69198
5.57011
4.89152
5.66993
5.5407
4.49319
5.18862
5.57448
6.27018
5.6965
5.58341
5.31816
5.78002
5.7726
6.29405
5.33566
5.82271
5.95704
6.02362
5.79629
4.77251
5.09782
6.04863
5.31558
6.59336
5.88496
5.8567
5.8911
6.32289
5.89088
5.12656
5.38994
5.53257
5.62563
5.40338
5.31002
5.55073
5.26183
6.28773
6.08332
5.61432
5.22184
5.16908
6.05959
5.57854
5.93925
5.17203
5.59439
4.98694
6.07063
5.62277
5.60168
5.21794
5.35649
5.41384
5.16331
5.34817
5.1465
5.39473
5.032
5.57367
6.05722
7.07708
6.11153
5.59956
5.39064
5.55231
6.27529
5.93619
5.77626
6.10629
5.33935
5.06905
6.24362
5.16882
5.61557
6.48113
6.24148
5.92543
5.93776
5.10859
5.00496
5.57467
5.56536
5.88238
5.39013
4.84223
5.92848
6.17665
5.2177
5.81315
5.56256
4.97112
5.91259
5.74476
5.12081
6.12676
5.69328
5.35584
6.12742
5.94461
6.11971
5.39868
4.89448
5.67543
5.44386
5.3522
5.58124
6.21166
5.97328
5.48153
6.10753
5.95023
5.88976
5.29962
5.88985
5.99708
6.45933
4.63812
5.88311
6.36622
5.19811
5.15846
5.39574
6.12331
4.84552
5.252
5.22371
6.27587
5.51856
5.59859
5.99555
5.75859
6.16999
5.78632
5.38252
5.10723
5.53351
5.23605
5.35533
5.3743
5.35619
5.34184
5.05801
5.54718
5.08693
5.78626
5.54173
5.46588
5.25766
6.45232
5.89665
5.59522
6.09312
6.25234
5.49022
5.64097
5.38949
6.63196
5.35728
5.53661
6.03366
5.31488
6.33237
5.83528
5.62613
5.05732
6.10443
5.68577
5.2416
5.28704
5.45711
5.32568
6.01875
5.58764
5.8452
5.92537
5.4956
5.93337
5.99935
5.96679
5.24854
5.46275
5.38124
6.24565
5.08837
5.83643
6.04058
5.79663
6.05008
6.34602
5.81186
5.82506
5.36558
5.48804
6.08768
5.67332
4.96782
5.67704
5.34927
5.75095
5.9029
5.31784
6.27255
5.68682
6.16164
5.80103
6.26814
5.5876
6.38069
5.56427
5.28204
6.51691
5.75285
4.95664
6.02376
6.35282
5.49252
5.00886
5.05951
5.48379
5.21297
6.04771
6.23408
5.15446
6.43886
5.73711
6.39887
5.85313
5.75771
5.73448
5.47644
5.27469
5.91689
5.94135
5.72356
5.36234
5.50421
6.0037
5.22131
5.44862
5.87008
5.60901
5.8738
5.79292
4.98739
5.70934
5.73488
5.16886
5.14145
5.51119
5.56349
5.3129
6.19918
5.83184
6.59897
5.27658
6.39478
5.64729
5.77639
6.21446
5.36262
5.4918
5.41613
4.92763
6.10994
5.94582
4.791
6.15496
4.86001
6.12776
5.7553
5.7147
5.67688
5.87038
5.99574
5.2897
6.18749
6.37044
5.1709
6.17497
5.9205
5.49433
4.97358
5.65414
5.45266
5.88781
5.49421
5.6873
5.00136
5.72137
5.85601
5.64784
5.55586
5.1473
6.20472
5.07332
6.07231
5.79375
4.86606
5.34341
5.63773
5.70652
5.73176
5.99719
6.44003
6.16985
5.71034
5.77138
5.79483
5.83177
5.31408
6.18544
5.52987
5.77262
5.41423
5.91091
5.41552
5.26385
5.9999
5.56314
5.77643
5.33182
5.93121
5.91479
6.95432
5.04928
5.80375
5.78902
5.94243
6.19757
5.55858
5.19969
5.91081
6.11813
6.14279
6.01435
4.97653
5.59706
5.4172
5.88317
5.67163
5.68935
5.53346
4.76804
5.93878
5.56727
5.11565
5.96192
5.64341
5.1236
6.01815
5.5189
5.58329
5.47562
5.6336
6.14189
4.99511
6.28708
6.2405
5.41653
5.8601
5.32229
5.34428
6.1111
6.27738
6.05666
6.08264
5.21535
5.1314
5.8266
6.01286
5.30439
5.68858
5.29229
6.18671
5.46529
6.07343
5.79173
5.52158
5.76372
6.01138
5.60612
5.35227
6.44553
5.99318
5.7897
5.65372
5.15934
5.80114
5.05047
6.30581
5.80363
6.2424
4.66412
6.0153
6.05469
5.59681
6.27576
5.48017
5.68901
5.97534
6.44881
6.10543
5.031
5.48662
5.43812
5.71844
4.82057
5.18435
5.23187
4.78853
4.79983
5.94208
5.56839
5.20734
6.02399
6.24952
5.76281
5.86796
5.90148
5.31743
6.17821
5.90336
6.29288
5.73947
5.8736
5.17851
5.76859
5.31096
5.32845
5.65956
5.51031
5.77222
5.42621
4.92724
5.63929
5.96454
5.65717
5.99969
5.48359
5.36078
5.21645
5.79382
5.80038
6.44494
5.93555
6.26651
5.82687
5.52153
5.17666
5.55583
5.66406
5.95179
5.93157
5.26733
5.391
5.52629
5.70928
6.0793
6.69784
5.26433
5.88001
5.91116
6.07638
5.58605
5.91551
5.59692
4.83989
5.34237
7.1397
5.728
5.55558
5.2061
5.18769
5.46326
4.89224
5.15593
5.80169
6.10403
5.7818
5.61606
5.83895
5.64523
4.64727
5.40596
4.58336
5.90403
5.15052
5.88829
5.71509
5.50125
5.92705
5.45952
5.06325
5.02027
5.9111
5.1798
6.42751
5.46903
5.80623
5.64957
5.74098
5.34179
5.73828
5.17708
6.53201
5.98837
5.48452
6.29146
5.18867
6.44872
5.80889
5.47422
5.55205
5.48851
5.32832
5.46526
6.14567
6.45554
5.86423
6.08096
5.55086
6.07777
6.39948
5.28539
5.34677
6.29504
4.70935
5.81549
5.83051
5.4005
5.97623
5.91333
5.66188
5.64629
6.116
5.42237
5.91212
6.1626
5.69471
5.21097
5.54329
5.49687
6.32558
5.49253
5.46542
5.14662
5.44149
6.03996
5.92889
5.52485
5.65137
5.30617
5.31981
5.31662
5.29728
5.0912
5.47587
6.18704
5.66186
6.09065
6.23667
5.9193
5.81682
5.29599
5.30379
5.92171
5.81505
5.60071
5.52468
5.98549
5.66986
5.22025
6.03121
6.44826
5.32206
5.44379
5.50168
5.56021
5.55075
5.6527
5.09108
5.04927
5.7134
5.05038
4.79192
5.23817
5.77454
5.62978
6.39855
5.46933
5.21899
5.61008
5.763
5.51246
6.86213
6.13936
6.05254
5.88792
5.21703
5.48901
5.69867
6.20942
5.1047
6.01631
5.22292
5.77442
5.52542
5.87704
5.83689
5.31659
4.73098
5.51122
6.05391
5.44617
6.19617
5.60253
5.2037
5.56701
5.72612
5.3584
5.3541
5.65459
5.36121
5.73916
5.21118
5.29981
5.21515
5.25391
5.19141
5.46871
4.97568
5.17631
5.63509
5.04355
5.65215
5.62673
5.79318
5.36155
6.06134
5.72936
6.14384
5.93399
6.35552
4.71891
4.84569
4.88066
6.22067
6.12642
5.46656
5.71483
6.04362
6.34487
5.53667
5.77676
5.83891
5.66919
6.01415
5.59276
4.75549
5.162
5.44488
5.42796
5.48307
6.02463
5.49265
5.92631
5.6208
5.31874
5.07649
5.21845
6.42522
5.00174
5.81333
4.75262
6.08039
5.65085
5.27213
6.2521
5.37533
5.67212
6.51515
5.09492
5.12687
5.754
6.19147
5.18883
5.60161
5.79106
5.41981
5.01107
5.40912
5.93171
6.00493
5.73989
4.86347
5.69886
5.91622
5.90753
6.04471
5.67112
6.10357
5.42479
5.60519
5.67867
5.62232
6.14241
6.1096
5.80271
5.70209
5.31176
5.25618
5.45274
5.97939
5.61468
5.46113
5.90774
4.99103
5.71613
5.75124
6.37358
5.46735
5.37883
5.76694
5.2768
5.87921
5.84226
5.55664
5.73509
5.43533
5.37303
5.19472
5.12205
5.87166
5.67168
5.21462
5.62903
4.96312
6.68166
5.73786
5.19487
5.32719
6.01591
5.21266
6.04236
5.96519
5.7263
5.9734
5.26993
5.89305
6.03413
6.56727
5.36001
5.38713
5.24288
5.62447
4.99641
5.33201
6.34307
5.82977
5.4352
5.02833
5.74888
6.17734
6.28392
5.5037
5.95898
5.8745
5.38685
5.14813
6.07454
5.83825
5.09202
5.71974
5.65686
6.3839
5.31642
5.65529
5.94807
5.49419
5.75597
5.897
5.9444
6.22639
5.38465
5.49683
5.41268
5.30809
5.54916
5.54349
5.23974
5.85903
6.71173
5.97812
5.87083
5.24618
6.41511
6.56675
5.82377
6.7319
5.58398
6.13453
5.39198
5.44253
5.86066
5.35891
5.32439
5.68607
5.57006
6.34088
5.44813
5.99154
5.89498
5.29041
5.21363
6.03682
5.85354
4.99557
5.50759
5.35516
5.61911
5.72188
5.47503
4.9146
4.75779
5.44942
5.583
6.03568
4.7984
5.55103
5.26476
5.80552
5.38199
5.78275
6.40195
5.31062
5.32204
5.31694
5.63833
5.31259
4.99472
6.02854
5.37366
5.09888
5.32643
5.36317
5.82643
6.09997
5.862
5.70126
5.70993
5.23055
4.96162
5.61671
5.57828
6.12049
5.366
5.13872
6.91452
5.77112
5.9549
5.73264
5.31185
5.50044
5.61579
6.46374
5.21358
5.49187
5.27956
5.83775
5.70875
6.27423
5.74988
5.85108
5.16227
5.0716
6.07144
5.82501
4.96716
5.41631
6.27656
5.45656
6.23347
5.78809
5.92453
5.56438
5.0449
5.42261
5.7602
5.61049
5.09991
5.65043
5.51719
5.0358
5.44854
4.94881
6.23794
5.62677
6.23039
5.82123
5.47725
5.37293
5.65938
5.46834
6.0518
6.3459
5.88597
4.31346
5.97211
5.37993
5.50603
6.2865
6.12127
5.46382
5.71273
6.05343
5.98561
5.25392
5.93348
5.51826
6.27922
5.40566
5.35789
5.09376
6.77513
4.79292
6.0232
5.01684
4.95111
5.35212
5.95173
5.86321
5.50299
5.66411
5.06027
5.79458
5.66802
5.81791
5.56433
5.44385
5.13322
6.07665
5.06328
5.26942
5.62417
5.10333
5.69545
5.15611
5.69974
5.25156
5.08551
6.36704
5.35307
5.25244
5.37375
6.2251
5.18926
5.25634
4.89978
5.85198
5.99661
5.91867
5.89944
5.35629
5.38932
5.7594
5.47175
5.83033
5.63185
5.54338
6.05577
5.55166
5.52408
5.62462
5.47039
5.74596
5.31017
5.8447
5.53777
5.92384
5.52562
5.84413
5.93521
5.80823
5.44794
5.70656
5.34267
5.81884
6.37879
5.80707
4.84353
4.82968
4.83628
5.10143
6.32046
5.78901
5.02918
6.11233
5.83614
5.73249
5.75197
5.89244
5.4182
4.97572
5.95798
5.41357
5.2287
5.86424
5.82253
5.60072
5.92715
6.71414
5.78326
5.36044
5.37861
5.54466
5.60067
5.37405
5.77716
5.16923
5.59126
5.55293
6.22934
6.51392
5.47803
5.88324
5.51906
5.6455
5.57053
5.4231
5.92916
5.62384
5.52839
5.28928
5.97525
4.9404
5.86155
4.61687
5.69677
4.93346
6.17527
5.28336
5.88129
5.80056
5.25834
6.1279
6.00357
5.56092
5.86133
5.8777
5.58207
5.60216
5.60063
5.68958
5.32508
6.04286
6.07077
5.77649
6.31167
5.36581
6.30316
5.72814
4.98253
5.53086
5.95081
5.44122
5.56477
5.39403
5.53352
6.17158
6.1798
5.56611
5.67942
5.88992
5.3042
6.3187
5.36693
5.14195
5.64766
5.07943
6.00047
5.26046
5.8197
5.70796
5.97248
5.50807
6.80652
5.29838
6.4342
5.53199
5.36034
5.45607
5.26593
4.98368
5.97473
5.86339
5.07848
5.67645
6.53578
5.69682
4.99623
4.80514
5.50404
5.83152
5.39061
6.12738
5.69587
6.14982
5.62026
6.05106
5.5016
6.41429
5.34693
6.36365
5.35171
5.18489
5.88176
6.33325
5.25442
5.58403
5.74788
6.98982
4.80832
5.39987
5.43728
5.6117
5.46083
5.10041
5.90626
5.07823
6.05872
5.1257
5.76109
5.99431
5.45182
5.07744
6.32838
5.26647
5.61161
5.06733
6.07496
6.34734
5.59154
5.28213
5.31014
5.62309
5.41478
5.90941
5.47651
5.18137
5.83263
5.37134
5.19459
6.07463
4.25951
5.90306
6.04041
5.94903
5.35528
5.32305
5.95187
5.06866
5.88768
5.3692
5.21288
5.46376
6.00187
5.54845
6.57028
6.13972
5.62238
5.48885
5.8816
5.67773
5.38208
5.11753
5.83585
4.65764
5.75462
6.06415
4.71861
6.93084
5.17379
5.61717
4.89864
5.72006
5.8813
5.53936
5.71997
5.99208
5.63592
5.40876
5.78858
5.04117
5.06334
6.10927
6.25364
5.95263
5.80431
5.30178
5.72501
6.01843
5.67097
5.21439
5.51568
5.66151
5.71298
5.2574
5.36085
5.76384
5.48691
6.64085
5.83929
4.84983
6.18673
6.1361
5.96087
6.49665
5.58237
5.6912
5.61341
6.42369
5.74311
5.12035
5.21168
5.03138
6.19743
5.11543
5.43869
4.95965
5.76147
5.62076
5.49819
5.24155
5.04319
5.17315
4.97133
4.84329
5.66392
6.03235
5.30988
5.99063
5.56454
5.53317
6.46166
5.32846
5.71733
5.96558
5.38185
5.75135
5.96359
5.82978
5.49687
5.59704
5.62857
5.95975
4.82409
6.07474
5.54269
5.85893
5.07647
5.86414
5.91581
5.73387
5.26864
5.219
6.51789
5.44792
5.82549
5.69573
5.46042
5.56282
5.77801
5.78136
5.76967
5.40578
5.39737
5.07533
5.52615
5.48864
5.57455
5.71838
6.5769
6.37638
5.70264
6.48644
5.96037
5.76835
4.7707
5.60809
5.64668
5.52074
5.66647
5.6427
5.52362
5.74497
5.634
5.01464
5.293
5.27231
6.64486
6.43405
5.50769
5.21931
5.3484
5.76514
6.41027
5.5548
5.97362
5.88392
5.86679
5.28894
5.34674
5.6463
5.7114
5.53675
6.73952
5.79669
5.22583
4.98874
5.69333
5.80546
5.77875
6.02848
5.74706
4.72257
5.16914
5.24308
6.0137
5.43122
6.46473
5.79001
5.84872
5.5045
5.57718
5.62928
5.65657
5.77094
6.1774
5.50437
5.30385
6.07984
5.8445
5.74236
6.03095
5.668
5.70814
5.89582
5.25626
5.31034
5.98967
5.702
5.7998
5.47267
5.51069
5.83263
5.69944
5.12378
5.5572
5.21957
5.85299
5.29107
5.57439
5.80712
6.37239
5.18932
6.23842
6.02555
5.61746
5.99833
5.08875
5.17003
5.75919
5.59223
5.21986
5.78207
4.97075
4.81699
5.50255
5.82153
5.45982
5.80647
6.05833
5.40131
6.20455
5.38845
6.53009
6.22084
5.76634
5.27915
5.36937
5.87148
5.15362
5.71674
5.22468
5.31346
5.013
4.89617
5.67119
5.90539
6.02901
6.08185
5.50005
5.46086
4.81385
6.14758
5.99774
5.40336
5.53778
6.0322
5.874
5.77078
6.51109
5.66331
5.62856
6.2877
5.82938
5.88212
4.98163
5.56969
5.3244
5.82093
5.88801
5.11498
5.32003
5.59921
6.14058
4.9951
5.54492
5.92966
6.03309
5.40234
6.25278
5.76022
6.14171
5.60492
6.09669
5.8093
4.20819
5.84783
5.03185
5.68774
5.54563
5.27709
5.76113
5.2319
6.27705
5.40246
5.71739
6.16718
4.3827
5.35201
5.27262
5.87956
5.49787
5.14303
5.72621
6.15985
6.05226
6.00323
5.42344
4.91266
6.1392
5.59494
5.84856
6.46337
5.33463
5.34066
6.10247
5.30644
5.66085
5.56117
5.62985
5.91972
5.64998
6.06333
6.18541
4.80893
5.14501
4.93434
6.57544
5.83914
5.83069
5.8845
5.28739
6.44108
6.01675
5.54219
6.08323
5.81058
6.00653
5.84719
6.31087
5.49218
5.47307
5.60407
5.38256
5.93073
5.66487
5.38588
5.06618
4.84505
5.6318
5.97144
5.42471
6.43657
6.02536
5.44892
5.49775
5.7244
4.59993
5.5267
5.40146
5.98905
6.29327
5.5848
5.74649
5.89217
4.80138
6.11214
5.64576
5.95249
5.6246
5.6681
6.18552
5.20362
5.49897
5.80501
5.40656
6.06913
5.62591
5.92572
6.24312
5.55019
5.93817
5.46404
5.59124
4.99327
5.2763
5.75035
6.03472
5.7904
5.94163
5.60386
6.76918
5.97759
5.56851
5.62572
5.92887
6.73663
6.18651
4.87416
5.27007
5.34475
5.82708
5.85264
6.09875
5.18918
5.2616
5.99291
5.74747
5.78247
5.69252
5.41351
5.40123
5.63535
5.32611
5.46845
5.75605
4.91141
5.53437
5.8596
5.49746
6.79505
5.86367
5.29706
5.17347
5.26386
5.02689
6.15525
6.13936
5.76478
5.77936
5.32012
5.67152
6.02439
4.88885
6.12079
5.89428
6.28359
5.64654
4.7499
6.02349
4.87374
5.81656
5.36244
5.27011
5.49317
5.2441
6.0814
5.76873
5.93774
5.14314
6.09809
6.37805
5.87978
6.36737
6.01475
5.63587
5.9758
6.12479
5.53364
6.14346
5.94437
5.64447
6.05874
5.30863
5.81088
5.75199
5.33947
5.70585
5.35757
4.53604
5.21142
6.04508
5.57841
6.61807
5.7828
5.59407
5.70827
5.01882
5.66675
5.7956
5.29236
5.30463
5.65444
5.21489
5.16435
5.92779
5.50503
5.53891
5.49693
6.08333
5.36471
4.65444
5.19188
5.29184
5.68339
5.56524
4.99454
4.59047
5.46225
6.28152
5.35305
6.24854
4.99157
5.71645
5.90638
6.13851
5.71819
5.36657
5.29841
5.44009
6.00133
5.70761
5.43994
5.23848
5.72872
5.50115
5.6833
5.62898
5.64373
5.50917
6.1356
5.50832
6.35389
5.81951
4.89154
5.50786
6.15542
5.75188
6.04676
6.34629
4.88836
5.83759
5.8927
6.44625
5.55518
5.91361
5.60582
5.35682
5.62545
6.29872
5.58481
6.86745
6.21695
5.9212
4.19233
5.45463
5.64665
5.80073
5.27982
5.88907
5.55563
6.61212
5.74963
5.70045
6.29248
5.62625
5.97343
5.88013
5.35353
6.49524
5.68338
5.53294
5.46645
5.85673
5.26812
7.09331
5.59874
5.89083
5.15067
5.4545
5.12529
6.56497
6.163
5.86597
6.10881
5.03278
5.28346
6.31094
5.91852
6.58007
5.35432
5.56082
6.08095
6.07013
5.46222
5.4946
5.3732
5.74732
5.98185
5.82611
5.42169
5.30193
6.48559
5.78205
5.87315
5.41712
5.21353
6.5144
5.17645
5.02524
6.03642
6.1441
5.38361
5.43582
5.64386
5.63991
5.75096
5.49515
5.87579
5.63707
4.87721
5.27027
5.39726
6.08356
5.39937
6.11546
6.23061
4.97995
5.74306
5.73262
5.3069
5.83485
5.00291
5.96175
5.90565
5.86175
4.94907
5.4852
5.32468
5.87331
6.09641
6.0084
6.13642
5.27211
5.39232
5.36434
5.67362
6.19424
5.00786
6.33084
5.04667
5.4417
6.24965
5.21404
5.02826
5.86819
5.44796
5.03496
5.76471
5.7002
5.43109
5.04871
6.07214
5.38053
5.50115
5.52562
5.26665
6.41621
6.3523
5.42109
5.56035
5.44565
5.80955
5.45824
5.16958
6.1142
4.71141
5.1836
5.85762
6.56091
5.0691
5.61341
5.26924
5.87377
6.12729
5.10019
5.38454
4.90475
5.94173
6.02885
5.15408
6.26025
5.14383
5.34058
5.80691
5.33604
5.77166
6.71873
5.7558
6.24547
6.45959
6.50382
6.43783
5.58471
5.96022
5.96251
5.43382
5.85486
6.11524
5.89109
5.76434
5.20566
5.64135
5.49343
5.88743
5.67666
6.05411
5.24934
5.85738
5.07067
5.41624
6.10117
5.58498
5.18057
5.15815
4.94672
5.75833
5.39153
5.14476
5.42483
5.87551
5.21554
5.91289
5.40228
5.29034
6.40506
5.73685
5.48183
5.64781
5.47679
5.25861
5.36943
5.09189
6.41129
5.43516
6.07455
5.28362
5.85156
5.45771
5.47343
5.08956
5.50958
5.69437
5.3064
5.91372
5.50865
5.44184
5.51057
5.39398
5.35336
5.46313
6.05028
5.45368
5.67476
5.45918
6.00354
5.58917
6.20765
6.29729
5.09991
5.99839
5.47601
5.44552
4.87757
5.3308
5.76432
6.15116
6.08454
5.60737
6.51976
5.7617
5.90695
5.49338
6.00681
5.81248
5.63414
5.79581
5.66687
6.0016
6.07269
5.67986
5.47503
5.2607
5.90923
5.61477
5.67158
6.16725
5.8718
5.7335
6.12655
5.40367
6.4399
5.66085
6.59879
5.58367
5.36058
5.14043
5.58675
5.53601
5.45005
5.604
5.7099
5.96723
5.71289
5.40872
5.23061
5.56891
5.54929
5.06419
5.62149
5.08112
5.82597
5.64778
5.90071
6.52654
6.07216
5.99923
5.70378
6.32981
5.04131
4.821
5.32551
6.46224
5.66679
5.02685
5.62431
5.48249
6.01649
5.44313
6.25763
5.28047
5.80322
5.96721
6.15522
6.14628
5.82288
5.98596
5.54858
5.16791
5.67092
5.69791
5.64842
5.43951
5.47334
5.28431
6.12883
6.13001
5.81049
5.94278
5.88188
4.74473
5.67503
5.39414
5.40229
5.36247
5.81158
5.95429
6.34881
5.56326
5.73435
6.2868
6.15933
4.94246
4.92458
5.56349
5.64952
5.86909
5.67802
5.21289
4.89087
6.50871
5.75169
6.18628
6.12495
6.07012
5.08088
5.97607
5.89766
5.76427
5.69543
4.72723
4.95957
5.83135
4.54794
5.58494
5.21773
5.61535
5.00919
5.14518
5.51859
5.36016
5.69602
5.79341
5.43279
5.91121
5.33669
6.35107
6.34219
6.11809
5.63727
5.67391
5.56512
5.38068
6.24585
5.76623
5.88018
6.19474
5.18448
6.16359
5.78669
5.05505
5.54999
5.59208
5.46513
5.69498
6.51359
5.79098
6.32097
5.99637
5.45905
5.48041
5.6584
5.66947
6.15925
5.58483
5.6244
5.455
6.49001
5.40048
5.18816
7.62776
5.99304
5.97569
5.27071
5.30921
5.30435
6.76721
5.1587
5.57537
6.10569
6.2306
5.49613
5.89748
6.13763
5.95943
6.18191
5.80396
6.09885
5.91754
5.98575
5.2439
5.52905
5.46211
5.283
6.29162
5.28422
5.91876
5.61361
5.57342
5.33095
5.26758
5.41907
5.75589
5.90447
6.21007
6.48799
6.05366
5.29648
5.97822
5.993
5.58955
5.53112
5.56581
6.16334
5.50162
5.23962
6.21859
4.61403
6.6914
6.06061
6.3682
6.20094
5.4471
4.96825
5.10125
5.50728
6.21722
5.48843
5.53683
6.22584
5.17733
4.89906
5.40184
5.88126
5.51349
5.46349
6.06277
5.35878
5.226
6.27527
5.58161
4.99325
5.50859
5.39156
5.25526
5.32703
5.05393
5.84552
5.16811
5.19735
6.00849
5.72535
5.55941
5.4095
6.17984
5.45345
5.48443
5.96633
5.23399
5.58715
4.95704
5.6037
5.62247
5.97687
5.20746
5.52773
6.21051
5.88462
5.54383
4.79461
5.56178
5.71703
5.16183
5.28261
4.53775
6.1448
5.47281
5.46503
4.86885
6.0321
5.3988
5.91317
6.46992
5.02453
5.87098
5.81899
5.56335
6.00749
6.20339
5.35419
5.93936
5.72314
6.25782
6.41
5.54701
5.19901
5.16879
5.71286
5.81204
5.38283
5.97209
4.78422
5.6065
5.22552
5.75187
5.57832
5.27259
5.30173
5.43172
5.05494
5.74732
5.9257
5.26477
5.36462
5.05189
6.13028
5.68417
6.21611
5.20124
6.34056
5.50419
5.62434
5.94381
5.33101
6.16511
5.89276
6.17586
5.46384
6.17157
5.38082
5.45232
4.60629
5.02591
5.1647
5.42258
5.84332
5.29702
6.14491
4.93391
5.60824
5.75421
5.41292
6.07293
4.93507
5.50424
7.08411
6.46523
5.81482
5.77917
5.65076
5.49562
6.23942
5.08621
5.093
5.83861
4.68218
5.59516
6.06178
5.79951
5.65397
5.13288
5.88832
5.38567
5.74178
4.95701
5.48907
5.4745
6.10473
6.03301
5.98649
6.33004
5.35564
5.69958
5.19859
5.08664
5.8904
5.32094
4.75783
5.50831
5.7993
5.68309
6.807
5.4292
6.2305
5.20622
5.99396
5.25615
5.41456
5.37378
5.86686
6.33184
5.27835
5.11101
5.89214
5.26768
5.58588
5.79022
5.48285
5.78769
5.57994
6.00968
6.161
5.76946
5.44261
5.08339
4.94622
5.94095
5.96757
5.16272
5.38177
5.42081
6.21049
5.79982
6.1135
5.56179
4.22608
5.75318
5.43197
5.42175
6.12624
5.21117
5.33011
6.32578
5.4016
4.95435
6.21458
5.64046
6.29189
5.34569
6.29725
5.77291
5.52401
6.14521
5.97008
5.33279
6.24581
6.29614
5.5063
5.74727
5.15183
5.63699
6.30822
5.34699
5.35914
5.79537
5.24924
5.75866
6.75293
5.99989
5.98711
5.41852
5.53338
5.91678
5.67256
5.7724
5.83471
5.35942
6.24221
5.95362
5.59865
5.89645
5.76255
6.01119
5.48553
5.68632
5.35469
5.48109
5.64175
5.57747
5.24652
5.18763
5.29329
6.37458
6.18638
5.33176
5.78772
5.4215
5.26968
6.02124
5.35285
4.92748
5.5594
5.40408
5.92883
5.13102
5.02354
5.57961
5.52633
5.24098
5.20208
5.58204
5.71006
5.67944
5.81808
5.47515
5.1063
5.35079
5.88912
5.25263
5.90465
5.5569
5.08617
5.70554
5.65406
5.57846
5.05436
5.5623
5.37453
5.21147
5.69494
5.7672
5.82172
5.77775
5.13402
6.22809
5.37649
5.88099
5.90843
5.45615
5.54302
5.6833
5.51894
5.93476
5.73334
5.61825
5.9554
5.91142
5.80411
5.66507
5.95495
5.90555
5.65633
6.43373
5.86557
5.83087
6.46126
5.58365
5.27185
5.59871
5.98682
5.18489
5.83135
5.69548
5.79294
5.49088
5.67159
5.87963
5.46343
5.54016
4.80825
5.87592
5.77641
6.13327
6.20193
5.41032
5.39605
5.80427
6.36759
5.35662
5.37153
5.53032
5.13586
5.72846
5.82831
5.97703
5.73352
5.05463
5.31439
5.18757
4.95683
5.55281
5.97842
5.73524
5.21597
5.15074
5.83794
5.36012
5.19094
5.1495
5.56403
6.08644
5.64637
5.21169
6.02513
5.66245
6.08674
6.36168
5.08845
5.08997
6.01142
5.87198
5.1547
5.49805
5.33003
4.6142
5.3621
5.28813
5.95651
5.54038
5.44543
5.67741
6.065
5.20033
5.84355
5.83075
6.06563
4.85078
5.97064
5.35762
5.05233
5.87833
6.54329
5.54324
5.79698
5.42697
6.26207
6.43519
5.7411
4.88459
5.28764
6.26886
5.6401
5.73507
6.10347
5.79414
5.34069
5.53918
5.62951
5.72199
4.91251
5.72505
5.11244
5.86719
6.49045
5.82815
5.38126
5.5374
5.72036
5.14764
5.92572
5.03756
5.68066
6.35286
5.68924
6.08301
5.66065
6.19885
5.2135
5.67714
5.80369
5.64778
6.35988
5.37924
5.87872
6.01769
5.45657
5.8144
5.43822
4.68997
6.42758
5.66089
4.68628
6.3333
5.16076
5.8969
5.95132
5.47263
5.84353
5.47861
5.22932
5.72145
6.15827
5.36539
5.0924
5.37164
5.98955
6.05025
5.34969
5.76465
5.90793
5.67445
5.27734
5.39827
5.45925
5.45708
5.33505
5.74624
5.11515
6.28968
5.86356
6.35582
5.19215
5.95931
5.41209
5.35659
5.0367
6.63266
5.41269
5.16161
5.51792
5.60674
5.83949
5.28019
6.56157
4.99073
5.1118
6.00712
5.07674
5.86016
5.53937
4.98341
5.84368
5.38802
5.52632
5.27512
6.18589
5.89543
5.55555
5.76523
5.70889
5.41276
4.75602
5.63287
6.19523
6.13053
4.88792
5.99195
6.133
4.97998
5.95671
5.75857
5.31472
5.13839
5.6535
6.18263
5.39995
5.304
5.4779
5.25071
5.64901
5.96268
6.24362
5.44035
5.07421
6.31435
5.78006
5.40493
6.1426
6.22245
5.11346
5.20011
6.03759
5.0112
5.61611
6.20962
5.15434
5.74376
5.62537
5.9464
4.95915
5.80824
5.20148
5.98356
6.14413
5.90538
5.09032
5.90615
5.91307
5.51361
5.87175
5.70004
5.78147
5.72353
5.1142
5.35728
5.47101
5.24738
5.58949
5.57683
5.58263
6.2041
5.41642
6.08457
5.47761
5.89405
5.60833
6.24422
5.50457
5.2392
6.11285
6.0251
5.6471
5.25082
5.78863
5.70009
5.49024
5.48374
5.17187
5.57642
5.33152
4.88412
5.94226
4.97485
5.68481
5.16273
6.15964
5.83745
5.48659
5.04571
5.60133
6.37975
5.87494
5.3832
5.93924
5.14599
5.92206
5.13491
5.77975
6.43062
5.89575
5.35582
5.29468
5.35514
6.10979
6.21033
5.23165
5.68782
6.01615
5.96549
5.49836
5.72143
5.60838
5.68286
5.45684
5.61681
6.11305
6.19897
5.30567
6.02734
5.38947
5.66312
5.26678
5.90782
5.6664
5.26858
5.24428
5.48926
6.18143
5.29815
5.27916
5.21476
5.38228
5.69086
5.90614
6.26191
5.66918
5.94256
5.19144
5.91286
5.37734
6.04369
5.0164
5.53708
5.67253
5.86318
5.41776
6.7085
4.68531
5.60612
5.39043
6.05976
5.48806
5.55841
5.6445
6.11299
6.85755
5.82369
5.54426
5.3794
5.06268
5.23455
5.65348
5.89995
4.87018
6.18421
5.48031
5.65655
6.1553
5.4829
5.82919
5.8784
5.74008
5.36681
6.46491
5.33517
5.63085
5.64609
5.18648
6.09472
6.04305
5.79036
5.35999
5.57503
5.42544
5.32166
5.24344
5.76511
5.23684
6.20152
6.2459
5.584
6.47418
5.54598
5.56296
5.1258
6.04303
5.98839
5.78017
5.29333
5.93961
4.59328
6.07099
5.29573
6.33484
5.26903
5.28289
5.93228
5.6965
5.65688
5.97785
6.25092
5.46782
6.38922
5.76918
5.81457
5.34182
4.95457
5.61571
5.86964
4.82597
5.76493
6.0868
6.1961
6.69117
5.37383
6.08098
6.02175
4.94466
6.22311
5.63608
4.98531
5.38108
5.63237
5.54938
6.04699
5.82578
5.74539
6.29557
5.7903
5.5346
5.91016
5.44856
5.23139
5.61576
5.94883
5.90538
5.76967
5.52019
6.28374
5.34655
5.50989
5.07999
5.59103
6.0164
6.22432
5.83679
5.22951
6.06031
5.252
5.41183
6.36719
4.92046
6.37352
5.61772
6.4068
6.00358
5.63703
6.06329
6.8324
6.21812
5.8486
5.97019
5.85306
5.4971
5.74141
5.41585
5.84937
6.3683
6.51401
5.71997
5.57093
4.95157
5.69714
4.86014
5.85015
5.6779
5.90435
6.16302
5.73094
5.86141
6.00688
5.11133
6.29602
5.39857
5.68126
6.36456
5.7807
5.52634
5.1325
5.73308
5.63852
5.13214
6.39406
5.50976
5.38279
5.04983
5.9318
5.90874
5.41371
5.41246
5.79595
5.10143
6.07139
5.41733
6.12165
5.70415
5.73555
3.98514
5.46111
5.30816
5.57527
5.98531
6.19778
5.22398
5.63002
5.7814
6.16215
6.01527
5.57249
5.35111
5.09891
5.62008
5.10655
5.55507
5.32633
5.88492
6.88076
5.98984
6.06276
5.93015
5.03212
5.46451
6.62675
5.46137
6.0158
5.74028
5.64762
5.72722
5.79141
6.09626
5.48508
6.32176
5.49132
5.52622
4.96714
6.10145
5.47013
5.10509
4.77496
6.16626
5.95993
6.02123
4.98911
6.61728
5.56869
5.32008
4.85951
6.34025
5.3725
5.02975
6.2277
5.3926
6.06633
5.66449
5.9029
5.90794
5.18915
5.49768
5.88523
5.27981
6.43639
5.76878
5.39772
5.60319
5.40632
5.26594
5.25614
5.45996
5.89584
5.89587
5.76992
5.54841
5.225
5.81153
5.22602
6.45143
5.42026
5.38657
5.67174
5.62136
5.50272
5.8654
5.55451
5.73639
5.38731
5.68367
5.6546
5.97625
5.74028
5.34328
5.8764
6.14481
5.5611
5.39487
6.0933
6.43352
5.85952
5.66076
5.33163
5.93847
5.98807
5.42291
6.11179
5.74651
5.46548
5.13582
5.5393
5.90865
5.16003
6.32259
5.99446
6.46114
4.99991
6.18824
6.18686
4.95842
6.68088
6.38763
5.59897
5.96664
5.60191
5.84352
5.88394
5.69661
5.25047
5.74804
5.80161
6.00567
4.97717
5.61785
5.17916
5.98235
5.26684
6.01263
5.8148
6.21139
5.18128
5.46841
5.71259
5.87468
5.63347
6.49496
6.30901
5.77341
5.79427
5.56344
5.84833
5.65956
5.28527
6.07248
6.12472
4.87406
5.40538
5.84056
5.48687
5.16696
5.12676
5.44501
5.86053
6.24485
5.59569
5.47739
5.92818
5.94561
5.4902
5.31025
5.24228
5.15234
5.06204
5.84075
5.83558
5.76297
5.65808
6.06443
6.32359
5.94908
5.70788
6.13276
4.86963
5.11176
5.77999
5.39559
5.87458
5.60148
5.86104
5.01745
6.13836
5.55678
5.28805
5.09971
5.99326
4.85805
5.76399
5.2118
4.79775
5.47687
5.53388
5.51221
5.91924
5.99633
5.46014
5.25702
6.21538
4.93672
5.93578
5.53702
5.12402
5.34063
6.88476
6.19307
6.4554
5.48163
5.43967
6.19549
6.37552
5.47323
6.03968
4.65002
5.35747
6.00684
6.56693
5.32349
5.36489
5.55347
5.51775
5.52604
5.7659
6.22566
5.58485
6.43176
6.33197
4.94643
5.49317
5.3671
6.08508
5.63698
5.05555
6.10012
5.69895
5.62324
5.50727
5.24987
5.35833
5.48417
5.7617
6.34905
4.69602
5.56297
5.55693
5.5675
5.67469
5.26812
5.48408
5.78154
5.0973
6.09828
6.17407
6.83208
6.38289
5.31521
5.78951
5.5701
5.62186
6.12703
5.20663
5.03483
5.52261
5.20348
6.20099
6.73178
5.68986
6.02294
5.69849
6.45
6.14391
6.05396
5.27285
6.44426
5.10583
5.297
5.64684
5.38037
6.20933
5.63452
5.89796
5.78825
6.24952
5.96342
6.0673
5.54253
6.49199
5.68461
5.26876
6.05605
5.24109
6.28984
5.5083
6.18671
5.20509
6.12728
5.00325
5.73225
6.11636
5.67219
5.23722
5.77718
5.58675
5.18893
5.42488
5.01925
6.39902
5.15864
5.49583
5.69413
5.67718
5.58919
5.89789
5.71122
5.56048
4.93439
5.54988
5.33077
5.10963
5.40566
5.77483
5.39066
5.28842
5.89012
5.65053
5.41917
5.78649
5.35147
5.09869
5.59327
5.43218
5.45945
5.3077
5.30574
6.19006
5.89523
5.60873
5.49344
5.95781
5.47624
5.40596
4.61144
5.23752
5.39822
6.06365
5.47143
4.76552
5.22545
5.95072
5.9858
5.75909
5.59303
5.61549
6.26503
5.5421
5.5015
4.94029
6.03932
5.29232
5.82134
5.43424
5.53172
6.32447
5.93373
5.35175
5.52262
4.98351
5.26625
5.99621
5.39051
5.11051
5.40125
5.4562
4.97011
5.9589
5.83761
5.77652
5.94716
5.08578
4.64702
6.08959
4.89494
5.43973
6.55085
6.47619
5.47796
5.39497
5.45728
5.39828
5.27126
5.84718
5.6544
6.11009
5.79983
5.51828
5.61687
6.25677
5.88634
5.39138
5.49709
5.58628
5.04777
5.10231
5.07474
5.48074
5.83931
5.64031
5.75414
6.3577
5.29635
6.21538
5.38548
5.33052
5.75276
6.13997
5.63769
6.23079
5.34195
5.7948
5.78647
5.79534
5.40553
5.13447
5.72273
5.85739
5.48046
5.64759
5.53436
6.19086
5.58381
5.36053
6.49356
6.04103
5.42302
6.42641
6.953
5.23395
6.15075
5.81935
5.64909
5.00173
5.09
4.89136
4.9678
6.1639
5.21598
4.86389
5.91071
5.47122
5.82757
5.1736
6.22122
5.92117
5.48488
5.18415
5.99413
6.1255
5.72405
5.73625
5.61534
5.73175
5.58951
5.86756
5.10687
5.97349
5.18682
5.20372
4.91364
6.26509
4.98934
5.67576
6.38454
5.67634
6.21165
6.03356
4.7709
5.6789
5.74715
5.76586
6.0565
6.4516
4.61251
6.16356
5.25495
6.72498
6.09236
6.62673
4.94337
5.13959
5.22663
5.16755
6.24216
6.29812
5.35673
5.41183
5.96121
5.14733
5.24883
5.40225
5.4663
5.66056
5.58056
5.7765
5.71596
5.08133
5.51371
6.50587
5.69424
4.84581
5.34788
5.67064
5.76818
5.70823
5.41591
5.80578
5.1681
4.11018
5.50909
5.23404
6.18184
5.75963
6.0908
5.26948
5.60618
5.58251
6.17385
6.74001
4.83159
5.81035
5.59925
5.40076
6.1869
6.04835
6.36639
6.33385
5.42039
6.08282
5.28896
5.65544
6.19425
5.54378
5.57859
4.91794
5.88598
5.69664
6.35625
6.31339
5.62803
5.53336
5.43106
5.63377
5.73426
5.67793
5.6349
6.65485
5.49112
5.85507
5.10191
6.03842
5.59649
5.07965
6.17196
5.55677
5.62557
5.77356
4.58684
5.72918
5.24689
5.09574
6.18014
5.77193
5.57472
5.82153
5.91731
5.80875
5.83386
5.41678
5.71497
5.88903
5.33406
5.10733
5.89501
5.68364
5.21269
4.93746
4.88941
6.2091
6.0977
5.84161
6.0149
5.40983
5.66547
6.36015
5.46153
5.78781
5.34185
5.75651
5.71366
5.10617
5.15457
5.99186
5.4971
6.27853
5.38249
5.92925
5.61327
5.25108
5.26713
6.14291
5.67055
6.34353
5.09345
5.62764
5.41303
5.81662
5.19513
4.90217
5.46888
5.51759
5.86822
5.4127
5.57365
5.61117
5.48093
5.5483
5.69826
5.57244
5.53829
5.29217
5.80276
5.27755
5.4707
5.30247
5.0262
5.30559
5.22979
6.10182
4.72119
5.02673
5.45018
5.57401
5.34801
5.83712
6.04978
5.72306
6.05632
5.89001
4.39949
5.83128
5.54878
5.18678
5.90464
5.57577
5.85081
6.19611
5.16373
5.67821
5.12733
5.67468
5.461
5.24364
5.56714
5.3878
6.52038
4.62031
5.77558
5.74914
6.39965
5.87306
6.56375
5.71998
5.53896
5.87512
5.52264
5.75085
6.14757
5.67903
5.52651
4.89666
5.33469
6.50033
5.02534
5.15082
5.46528
5.28264
5.771
5.78976
5.90831
5.64378
5.97895
5.45939
6.57179
5.6654
5.79491
6.3748
5.77799
5.33141
5.08528
5.35213
6.15792
5.09712
4.868
5.52808
5.07122
5.7452
5.52433
5.47833
5.60545
5.24298
5.2032
5.83987
6.02482
6.28467
5.17426
5.30036
5.49737
5.49781
5.58219
4.66187
5.47661
6.26642
5.93775
6.05826
4.91029
6.55745
5.1621
5.88623
6.05041
5.6426
5.46088
5.77837
6.14566
5.87448
5.48219
5.55717
5.9257
5.6696
5.38242
5.77968
5.36701
5.54733
6.14735
5.46268
5.29631
5.21391
5.20935
6.0279
5.25411
5.73088
5.14233
6.68579
5.12481
5.26161
5.79689
6.17221
5.79489
5.97918
5.27331
5.11995
5.64268
5.14578
5.32763
6.29088
5.75571
5.46352
5.8852
5.61895
6.015
6.47583
5.42055
5.53404
5.12077
6.28267
6.17531
6.12633
6.00474
5.67437
5.62722
5.66204
5.8856
5.72338
5.01794
4.59359
5.24357
5.98895
5.8787
5.52966
5.7667
5.55135
5.95706
4.95762
6.05269
5.54775
5.89672
5.57071
5.98368
6.05461
5.90286
5.82776
6.33905
5.89223
5.35313
5.26996
5.14314
5.82781
5.50302
5.96235
5.42567
5.0024
5.23125
6.33447
5.43279
5.57686
5.58073
5.50805
5.29395
6.65033
5.43129
5.30199
5.24797
5.70473
5.30307
5.52513
5.60701
5.65792
5.32288
6.20051
5.02361
5.33232
5.46762
5.69892
5.99993
5.92087
5.73501
5.38298
6.39745
5.02722
5.30184
5.26775
5.94614
6.20505
5.46152
5.94976
5.68315
5.76963
5.65445
5.2112
6.35125
5.4438
5.59028
5.35126
5.41426
5.97956
5.70083
5.30792
4.92369
5.87949
6.18299
5.79611
6.15907
5.74461
5.15491
5.80813
5.28425
6.2205
5.60946
5.77719
6.5732
5.23922
5.35832
5.24479
5.4378
6.1399
6.25057
5.95367
5.62652
5.71827
5.55915
5.51991
5.33963
6.29758
5.42202
4.86411
6.0317
4.7587
5.04539
5.33728
5.6484
5.17051
5.53449
5.85689
5.6523
6.07952
5.78166
5.72992
5.9249
5.02458
5.37211
6.16468
5.77388
6.08253
5.33019
5.27161
6.21189
6.28458
5.89203
4.82705
6.26857
6.22504
5.99247
5.50558
5.58001
5.38185
5.62468
5.95019
5.50295
5.96461
5.97323
4.77098
5.91401
5.79648
6.17348
6.36928
5.63109
5.65848
5.73051
5.82236
5.79283
6.37158
5.95626
5.70565
5.48703
5.5421
6.25065
5.33122
5.79726
5.74835
5.40523
5.34648
5.65288
4.85489
5.96665
5.99104
5.88882
5.64483
5.45471
6.16066
5.76779
6.07842
5.9381
5.59651
5.43979
6.26034
5.59347
5.81496
5.92666
5.51385
6.03097
5.33938
5.42487
5.51124
5.90565
5.88939
6.19997
5.74361
5.78669
4.82715
6.7393
5.44799
5.04299
5.35636
5.02825
5.62296
5.50228
6.34109
5.55831
6.01871
5.09951
5.75216
5.19476
5.24776
5.95897
6.33647
5.93295
5.71868
6.38143
5.88871
6.14438
6.5245
5.42218
5.62214
5.47775
5.44189
5.961
5.90704
4.87319
5.69805
4.90543
5.47312
5.28244
5.83697
5.49055
5.65632
6.02848
5.88648
5.83803
5.83488
5.1897
4.937
6.01194
5.90864
4.70589
6.12134
4.89346
5.72564
5.94352
5.76086
5.76007
6.0751
6.12633
5.51293
6.27048
5.50446
6.046
6.15512
5.85581
5.41987
5.31567
6.51461
5.88676
5.65938
5.4822
5.50987
5.78657
5.62675
5.15096
5.56565
5.16841
5.19572
5.44125
4.96092
5.61511
5.56447
6.31253
5.21437
5.9626
5.78497
5.43933
5.78932
5.47528
5.99388
5.92181
5.62928
6.17173
5.96432
5.55525
5.022
5.24241
5.64918
6.15089
5.34539
5.63128
6.04019
5.35852
6.65975
5.60357
5.487
5.03758
5.95309
5.19182
5.29469
5.69711
5.48661
5.64168
5.59217
5.42926
5.64788
6.51044
6.68321
5.31494
5.76973
5.47443
6.29101
5.43848
5.2659
5.34918
5.93785
5.60611
5.45497
4.5122
5.89143
5.17077
5.08874
5.51484
6.18276
6.22356
5.29054
5.92274
4.92047
5.52477
5.81941
5.72408
5.13321
5.06997
5.64312
5.36283
5.50806
5.53644
5.6489
5.57156
5.34496
5.32907
5.96505
5.76777
5.73951
5.43536
6.5136
6.34337
5.52515
5.24919
5.24382
5.53879
5.41649
6.10008
5.48833
4.95807
5.28414
5.33133
6.09256
5.76307
5.28823
5.40353
6.41066
5.88
4.95782
5.61785
5.27114
5.95302
5.53554
5.88062
5.39326
5.38936
5.21116
6.1049
5.55052
5.21533
5.69682
4.69629
5.83667
5.56505
5.63694
5.00896
5.52219
5.40725
5.49541
5.60897
5.99949
5.92676
6.08825
5.81165
4.8043
5.68624
6.81693
5.34839
5.27426
5.99147
5.40808
5.48471
6.09212
6.22029
5.44518
4.92184
5.03076
5.51331
5.78142
5.46866
5.49678
5.38767
5.26556
5.26014
4.96082
4.83076
6.1347
5.36551
5.33083
5.15113
5.5815
6.13223
5.25188
6.18942
5.73788
4.95947
5.12945
5.83559
6.03765
6.03479
5.45457
5.93539
5.474
5.68704
5.05504
5.53657
5.13621
6.02475
5.67472
6.09071
5.68542
5.1571
5.2606
4.84788
5.24686
6.20841
5.56315
5.79066
5.86816
5.83784
5.52171
5.04376
5.43839
6.21133
5.39933
5.53857
5.2089
5.25724
5.52318
5.12755
6.36612
5.35501
5.75049
5.52426
5.66957
5.78019
5.46017
6.2429
5.11804
6.29124
5.63767
5.13662
5.65099
5.64538
5.42813
5.75887
5.97104
5.70351
5.56731
5.9844
5.28615
6.45496
5.74266
5.32178
6.0166
5.12338
5.17199
5.57121
5.73464
5.8961
6.30327
6.39595
5.97692
5.30291
6.27782
5.80717
5.4466
5.47951
6.06223
5.83391
6.29343
5.41367
6.0512
5.09887
5.5456
5.41265
5.01166
5.57796
5.73675
6.0301
5.5128
5.96921
5.35148
5.15658
5.05642
5.73085
5.68074
5.90883
5.96209
5.61206
6.32747
4.77766
5.39186
5.79167
5.06368
6.08808
5.50899
5.74722
5.80121
5.28234
6.23958
5.42233
5.68544
5.64645
6.14427
5.60186
6.06734
5.86727
5.26771
5.55898
5.69245
5.97844
5.35388
5.54042
4.84572
5.65219
6.12377
6.05082
5.62963
4.9211
5.66117
5.55521
4.75922
6.20836
5.50283
6.03064
6.12311
6.00483
6.5976
6.58839
5.48122
6.17227
4.78886
5.40199
5.52487
5.89519
5.45377
5.80368
6.05628
5.72925
6.12468
5.79449
6.4053
5.88177
6.41028
6.33146
5.70951
5.72805
5.49928
5.35641
5.73277
5.65613
5.75367
5.26663
6.06993
5.94504
5.68228
5.04584
5.3108
5.28818
5.47858
5.52572
5.51348
6.41976
5.7298
5.8673
5.40603
5.67379
6.21635
6.21357
4.90417
4.90921
5.86134
5.47779
5.68967
4.89388
5.60782
5.86581
5.65165
5.55795
5.72075
5.87454
5.24625
5.53862
6.05092
5.80879
5.88844
5.67254
5.00079
5.84598
5.63124
6.05818
5.6663
5.81991
5.05306
5.40267
6.59032
5.33692
5.66868
5.49878
5.62699
5.56272
5.90068
5.12597
5.7405
5.6673
6.2073
5.78047
5.01125
6.54846
5.56325
5.73655
5.44701
5.76445
5.4929
5.03923
5.6908
4.91342
6.08573
5.70216
5.47425
5.89243
5.83387
5.77182
5.80988
5.81409
6.28253
5.40313
5.47502
5.43191
5.51176
5.94053
5.63985
5.71498
5.29255
5.48325
5.90867
5.68809
5.63019
4.96275
5.90814
5.38125
5.53551
5.1924
5.59202
6.26038
5.79687
5.75484
5.57623
5.47015
5.80958
5.67773
5.9996
6.19195
6.18502
5.36044
5.93358
4.41608
5.8356
5.18723
5.68414
5.8312
5.96851
6.01105
5.50934
5.31829
5.55114
4.5493
5.39018
5.91267
5.53056
5.56701
6.16936
5.41125
5.07179
5.83859
5.69238
5.39874
5.85944
5.56128
5.78788
6.40904
5.33154
5.07864
5.75821
5.64627
5.44478
5.65864
6.23069
6.37233
5.02916
6.26016
5.85823
6.50774
5.40469
6.59164
5.17373
5.86697
6.05439
4.72828
5.38979
6.03686
6.07894
5.77084
5.82216
5.78716
5.76438
4.75355
5.27897
5.64504
5.71981
5.20735
5.95496
5.25113
5.1298
5.91286
5.76292
5.504
5.44604
5.30841
5.42417
5.91188
6.00947
5.68813
6.46082
5.80621
5.61697
5.56725
5.64195
6.1796
5.95177
5.51084
6.55013
5.56819
5.04984
5.5505
6.07905
5.85307
5.78932
6.03395
5.73444
5.66609
5.80111
6.12556
5.91994
5.72717
5.3796
6.4573
5.60599
5.42016
5.80654
5.44119
5.91817
5.8842
4.90972
5.50192
5.7892
5.89834
5.31243
4.9967
5.93871
5.65287
5.50906
5.93804
5.51694
5.0151
5.30814
5.49895
5.65611
5.72894
5.4303
6.20926
5.42248
5.12356
5.70438
5.32278
4.90201
5.46674
6.10235
7.14776
5.9524
5.60903
5.11668
5.28664
5.19236
5.09909
5.24216
5.83103
6.69306
5.19455
5.10269
5.81698
5.91996
5.77763
5.46916
4.95091
5.67186
5.19794
5.34333
5.46712
6.20924
5.2966
6.2086
6.08212
5.08404
5.18627
5.19076
4.86587
5.55169
5.96491
5.36089
5.47743
5.96731
4.78836
5.50276
5.85687
5.43697
6.02801
4.98641
5.35658
6.05415
5.11843
5.64636
6.15339
5.91725
5.29361
5.69439
5.35355
5.65731
5.22827
5.68072
5.74279
5.44418
5.7128
5.65103
5.58339
6.08113
6.22139
5.93938
5.61067
6.26975
5.71094
5.81268
5.39389
5.22567
4.99409
5.66135
5.17843
5.08683
6.52334
6.00436
6.08884
5.68602
5.70428
4.83921
5.50346
5.96637
5.31002
5.28714
5.30765
5.21358
5.14142
6.15861
6.47384
6.56514
6.17987
5.02506
5.44354
5.02725
5.55197
5.36406
5.39567
5.40937
5.65556
5.18084
5.89679
6.19555
6.45382
4.96474
5.03546
5.50765
6.2754
5.04709
5.44156
5.89456
5.58576
6.20883
5.28168
5.76577
5.38032
6.06378
5.1981
6.02356
5.42739
6.43915
6.22417
5.38865
6.06578
5.99552
5.84678
5.21883
6.05503
5.46756
5.7791
6.56631
5.07605
5.91571
5.39763
6.03089
5.11651
5.76458
5.62422
5.6209
5.70347
5.89632
5.27657
5.1896
5.63677
5.27398
5.8396
4.73701
5.72951
5.91718
4.84342
5.40668
5.69002
5.45499
5.94288
5.7323
5.3129
5.49099
6.11669
5.18974
5.4062
5.67456
5.55664
5.18685
5.98779
5.67818
5.66239
5.9283
4.88838
5.44872
5.96717
4.88551
5.37856
5.4361
5.35826
6.25774
5.57501
5.4568
5.79775
5.89323
5.41324
5.26394
5.70245
4.46461
5.47728
6.48131
4.98676
5.42884
5.71337
5.10154
5.15284
5.19928
5.53148
5.8077
5.80791
5.36335
5.12309
5.64513
5.44821
5.8636
5.72088
6.27951
5.74327
5.28212
5.695
5.79832
5.56262
5.13185
5.75049
5.26855
5.96899
6.09174
5.35366
5.18606
6.22502
5.16444
5.51434
5.00023
5.42802
5.12149
6.00617
5.35642
4.83074
6.50913
5.88008
5.15792
6.50982
5.88475
5.68268
6.15638
5.47589
4.84379
6.16469
5.76578
5.41454
5.26087
5.76402
5.32292
5.9353
4.92856
5.77622
5.66963
5.32561
4.94295
5.60607
5.82203
5.19377
6.06586
4.62125
6.5734
5.85972
5.79063
5.79959
4.91204
5.52558
5.58996
6.02891
6.48566
5.69258
4.92545
5.5014
5.56168
5.36501
5.5725
6.4816
5.6657
5.6127
5.21101
5.64542
5.59807
5.67311
5.34115
5.36048
5.50962
5.52015
5.36259
5.8863
6.25927
6.54489
5.76324
5.46377
5.68442
5.40404
4.54888
6.10681
6.34209
6.09023
6.31898
6.21644
5.25896
5.3871
5.50484
5.08744
5.5725
5.82831
5.86651
6.04548
5.15968
5.46621
5.16573
5.03466
4.93556
5.56339
5.63287
5.40204
5.66719
5.88933
5.85349
5.31303
5.8062
5.67626
5.69548
5.82552
5.82526
5.08864
6.047
5.91072
6.30447
5.06709
5.78103
6.20689
4.95108
5.27232
5.57914
4.80721
5.63261
6.13103
5.71938
5.36851
5.72396
6.01615
5.46015
5.38063
5.81939
5.67136
5.40323
5.6493
5.03967
5.99557
5.66893
5.83343
5.45437
5.36245
5.73333
5.0433
5.39978
5.71943
6.11026
5.7661
6.34451
6.17159
5.83693
4.84335
5.64359
5.51092
5.96585
6.00026
5.84245
6.21499
5.06735
4.81182
6.06631
6.11414
5.77585
5.8503
5.50781
5.35592
5.46052
5.77309
5.14087
5.62947
5.87663
5.80795
5.91939
6.62477
5.40972
5.27547
5.92359
5.01049
5.33473
5.81951
6.01126
5.16976
5.86531
4.80061
5.59755
5.40619
5.55886
5.7944
6.35216
5.5589
5.57568
5.80035
5.79832
5.58188
5.18613
6.02237
5.34825
5.49435
5.43139
6.48792
5.9009
5.38082
6.06291
5.39082
5.68825
5.89056
5.04291
5.35733
5.72215
6.73279
5.4911
5.73051
5.22032
6.38276
6.31858
5.1918
5.94397
5.71963
6.05734
5.91246
4.92662
5.86621
5.04412
5.41271
5.70592
5.63477
5.2728
6.54628
5.2896
5.43724
5.1576
6.4488
5.57726
6.74308
4.9855
4.9891
6.51002
5.20296
6.18509
5.97331
5.51958
6.04781
5.3686
4.9946
5.27474
5.36029
6.02739
6.47976
5.63342
5.66213
5.50421
5.67098
5.74103
5.21884
6.40218
4.96419
5.98145
5.41086
5.40929
5.77403
6.3869
5.29372
5.22969
5.28393
6.09319
6.96908
5.73508
5.52456
5.22688
5.77987
5.87341
5.57385
5.08107
5.43004
5.77484
5.45903
5.33721
5.38416
5.24447
6.0632
5.54206
5.03463
6.53337
5.81062
6.23346
5.25743
5.65113
5.97441
5.68687
5.54815
5.92364
6.08128
5.4501
5.19015
5.85647
5.68765
5.41314
5.58282
5.19666
5.44299
5.75429
5.74902
4.8195
5.30283
5.55178
5.68909
5.98834
6.07848
5.23567
5.25741
5.7297
6.25439
6.06657
6.0776
6.19191
5.29993
5.73565
6.08947
5.54083
5.96248
5.30274
6.42246
6.30231
5.50726
5.64053
5.33659
5.77181
5.25145
5.96796
5.38216
5.35538
6.28493
5.64459
5.59265
5.25112
5.97724
5.2511
6.13663
6.08117
5.6681
5.99536
5.89497
5.48193
5.26265
6.16387
5.48176
5.70068
4.96341
5.83532
5.55228
6.02649
6.28648
5.71021
6.29369
5.60663
5.7576
5.15961
5.56436
5.13902
5.67847
5.66854
5.34379
6.16542
5.74605
5.58261
5.86185
5.44178
5.26219
5.65185
5.33984
6.14877
5.20042
6.44501
5.95919
6.10399
5.72261
6.12855
6.53961
5.64612
5.46513
6.34802
5.09656
5.12748
4.97782
6.41805
5.55008
5.8051
5.611
5.57357
5.8651
5.48103
6.29347
6.13459
6.32791
5.53695
5.13047
5.52069
5.25621
6.22928
5.77053
5.82448
5.91914
5.26433
5.54278
5.85342
5.49029
5.38051
5.66236
4.93561
5.57306
5.72171
5.27966
5.73203
5.46757
5.47117
5.65646
5.28109
6.0766
5.67024
5.44622
5.42488
5.24577
5.55691
5.18954
5.32675
5.29237
5.04438
5.65664
6.36275
5.83137
6.00536
5.35497
5.66413
6.04934
5.87421
5.04102
5.91625
5.44521
5.7873
5.79844
5.84111
5.98169
5.46362
5.83313
5.95914
6.06169
5.17018
5.90642
5.03356
4.99613
6.1291
5.74876
6.05764
4.96322
5.23488
6.06202
5.28043
5.22387
6.81428
5.97887
5.63492
5.78873
5.38333
5.39579
5.90315
5.91863
5.81348
4.9908
4.99005
5.83174
5.41215
5.39016
5.24917
5.35494
4.89857
5.10227
6.20134
6.16657
5.25589
5.46339
5.94051
5.34479
5.46882
5.79544
6.11461
5.48097
5.59373
5.64758
5.71575
6.04971
6.25133
6.01305
5.75293
6.27688
4.90552
5.69531
5.23787
5.62068
6.45905
6.04703
5.59698
6.2181
5.38331
5.62922
5.72825
5.39992
5.61084
5.86083
5.60695
5.63608
5.37613
6.03206
5.39899
6.21033
5.11625
6.22138
5.91986
5.17311
5.02452
4.69052
5.5518
5.37192
5.54761
5.37227
5.72614
5.5664
5.86661
5.47764
5.07889
5.21114
5.6992
5.39554
5.15143
5.9056
5.30338
5.94062
6.07377
5.86407
6.17506
4.83619
5.26813
5.92896
5.38031
6.04763
6.52137
5.30187
6.30954
5.64218
4.76838
5.72575
5.51599
6.08917
5.12535
5.66776
5.56156
4.64801
5.97363
5.42246
5.53144
5.57409
5.28754
6.11787
6.15674
4.77653
4.99854
6.10641
5.11883
5.64085
5.99958
5.51424
5.53728
5.32003
5.98135
5.92494
5.5494
5.92181
5.12673
5.02626
6.14983
5.12521
5.92497
5.39133
5.25249
5.40192
5.37574
6.07183
4.96804
4.68375
6.42337
5.87883
5.72887
5.77
6.21508
5.56589
5.39315
5.3548
6.14589
5.79712
5.94772
5.615
5.5755
6.04359
5.26498
6.02837
5.38493
5.8495
5.78041
5.66236
5.75499
5.55746
5.26595
6.4006
6.00609
5.21346
5.28517
5.00174
5.49222
5.83988
5.14431
5.60503
5.48819
5.97499
5.77355
6.2237
6.98342
4.87114
5.63035
6.38983
5.72183
6.01241
5.38146
5.05159
5.36336
5.84074
5.48107
5.15335
6.34772
5.70741
5.72432
5.82799
5.75463
5.88843
4.89843
5.17916
5.06659
5.70607
6.45229
4.95035
5.60319
4.79407
6.15644
5.72998
5.62982
5.11387
5.70558
5.76309
5.27091
5.17128
5.56839
5.8056
5.35109
5.7236
5.1477
5.41196
5.87581
6.04759
6.05665
5.66041
4.99153
5.54286
5.97314
5.27754
5.66089
5.27992
5.50744
5.59816
5.7024
6.05579
6.00452
5.91262
4.9878
5.62466
6.50564
6.32269
5.42284
5.84897
5.32455
4.90373
5.46144
6.17817
5.43714
5.93172
5.16921
5.77379
6.09065
5.09377
5.4802
5.58236
5.4763
5.02584
5.58061
5.27994
5.56489
5.40459
4.64648
5.64659
5.45176
4.93748
5.15374
5.60654
6.22542
6.0112
5.37639
5.79377
5.74395
5.18334
5.5838
5.23955
6.65509
6.16008
6.24007
6.02151
5.79651
5.72776
6.16771
5.83911
5.50526
5.48346
5.27774
5.03702
5.97337
5.64084
5.30514
6.03477
5.56459
5.51307
5.39732
5.63045
5.6245
5.48234
5.87227
5.302
5.01301
5.70806
5.71535
5.47104
5.95376
5.16251
5.999
6.24113
6.23958
5.38767
5.86704
5.32823
5.30726
5.2101
5.27063
5.43158
5.54497
5.45544
5.53165
5.84286
5.73923
4.95182
5.43151
6.02499
5.13099
6.36599
6.22684
5.94182
5.75845
5.15865
5.64298
4.85262
6.31509
5.48073
6.02615
5.55536
5.38275
5.91845
6.01798
6.15389
5.41209
5.03878
5.91003
5.37928
5.90839
5.75742
5.34474
5.99017
5.42256
5.13462
5.66889
5.75426
6.00437
5.28373
6.34857
5.24959
5.52505
5.36327
5.24275
5.83905
6.3786
5.8766
5.93901
4.86143
5.78321
5.1066
5.71158
5.48079
5.68462
6.24167
5.4375
5.18311
4.83396
4.65496
6.20241
5.55446
5.38063
5.21264
4.90585
5.26526
4.90373
5.23604
5.19783
5.62243
5.87405
5.79523
5.06466
5.14439
5.77955
5.52085
5.50963
5.3969
6.30028
6.26297
5.39357
5.43549
5.84488
5.65394
5.31371
5.42799
5.31055
5.70791
6.13863
4.80727
5.70225
5.96518
5.51782
5.11384
6.0437
5.88479
5.40648
4.89494
5.4474
5.4904
5.71586
5.36847
5.8708
5.12806
5.45499
6.85715
5.49694
5.45549
5.35857
5.73556
6.12028
5.82315
5.50178
5.35603
5.79647
5.3804
5.37638
5.96404
6.18571
5.81083
5.99259
5.39594
5.34595
6.18847
6.24981
5.40812
5.45553
5.61722
5.16809
5.45809
6.40781
5.28403
5.89249
5.81026
5.53608
5.79195
5.14664
5.48395
6.38409
5.88494
5.33051
5.83239
5.08135
5.56195
5.54675
5.22138
4.90043
5.35519
5.9453
6.12326
6.0384
5.09264
6.00031
5.49045
5.88125
5.48264
5.4319
5.82072
6.07989
5.67286
5.69462
5.06765
5.63939
5.84617
5.21344
6.11366
5.4135
5.13287
5.62709
5.51052
5.29376
5.4965
5.55988
5.96686
5.88543
5.62777
5.70775
6.37084
5.21291
5.48611
5.42253
5.82736
5.63915
5.47255
5.6764
6.52469
5.33548
5.95931
5.69863
5.75726
5.94169
5.82006
5.27822
5.30467
5.92996
5.58046
6.23442
6.0493
4.90854
5.15137
5.58584
5.0702
5.56484
5.22888
6.24293
5.59646
5.57829
5.57218
4.99181
5.63544
5.84683
6.4867
5.22799
5.6494
5.74631
6.35776
5.52875
6.00348
5.34861
6.00241
5.12164
5.27799
5.97388
6.00002
5.29619
5.90193
5.39971
5.81653
5.84518
5.49376
5.67034
5.61398
5.25003
5.94401
5.66547
5.65343
5.78924
5.39023
6.33224
5.13189
5.74504
6.16645
6.10398
6.31269
5.94342
5.47234
5.49444
5.53527
5.40644
5.56804
5.57939
5.83335
6.07988
5.93927
5.92963
5.89488
5.76904
5.43985
5.90783
5.68572
5.77253
5.37329
5.40746
5.92774
5.43776
5.51118
5.30529
5.14482
5.76242
5.72398
5.2294
5.62822
5.44202
5.21824
5.82072
5.94876
6.40416
5.72384
5.44822
6.23304
6.35683
5.70627
5.46886
5.96291
5.78745
5.48345
5.24266
5.68914
5.46167
6.429
5.83554
6.19618
5.52562
5.54852
6.27143
6.04843
6.15093
5.88623
5.96506
5.37247
5.028
5.74154
5.60921
5.3699
5.79936
6.91167
5.23652
5.13963
5.36594
4.90741
5.71949
5.46414
5.36068
5.25549
5.71808
5.16664
5.54183
6.06092
5.50032
5.88503
5.28386
5.86032
5.57567
5.72574
5.7106
5.65286
5.8808
6.06539
5.26454
5.44008
5.99571
5.64655
5.97336
5.58988
5.74961
5.9427
5.35861
5.53075
5.68306
5.62341
6.421
5.75935
5.02499
6.01679
5.39603
5.39159
6.17826
6.20508
5.39061
5.44892
5.2983
6.09875
6.23104
5.41072
4.9515
5.64434
6.058
5.25538
5.97672
6.07918
6.12255
5.50313
5.30714
6.01772
4.69897
5.79113
5.45179
6.33632
5.69215
5.11105
6.68676
5.42545
6.2704
4.96865
5.46199
5.16528
5.61876
4.90051
5.93564
5.74935
5.89855
5.77816
6.02503
5.46714
5.39475
5.57569
5.55746
5.57667
5.99381
5.80307
5.53411
5.67447
5.27937
5.42896
5.53662
6.48021
5.66256
5.23527
5.9117
5.51309
5.9102
4.98506
5.91725
5.07336
5.0539
5.76214
5.02368
6.37193
5.66297
5.85782
5.5757
6.04019
5.51094
5.69282
5.58237
5.99887
5.16523
5.74412
5.31764
5.62774
5.46069
5.4715
5.94112
5.35872
6.268
5.17554
5.31214
5.16175
5.63869
6.03538
5.65131
6.28662
5.61596
6.17812
5.31204
5.32656
5.51908
5.60726
5.88792
5.84842
5.14569
5.34711
5.2211
5.75044
5.15115
5.53066
5.80486
5.31946
5.23467
6.20911
5.84034
5.81491
5.37028
5.50431
5.51261
5.83019
5.88619
5.35426
6.36761
5.06724
6.28742
6.08832
5.86179
5.24513
5.7253
5.45202
6.31503
6.00102
5.78287
5.47928
6.60183
5.52022
5.94167
5.88434
5.48952
5.26268
5.43659
5.53562
5.88066
5.28461
6.20107
5.54143
6.05975
5.6766
4.70801
6.06825
5.13035
5.74018
6.17729
5.40898
4.87484
5.24689
5.26592
5.24204
5.71263
5.59244
5.70186
5.86162
6.55232
5.9575
4.65186
5.12088
5.03599
5.50658
5.9259
5.40006
6.25139
6.09778
5.49544
5.36544
4.90083
5.48945
6.03048
6.1674
5.32103
5.31594
4.93615
5.29962
5.30658
5.63818
5.59954
5.22193
5.01404
6.11517
6.16318
4.94696
6.03526
5.96731
5.06446
5.2531
6.37605
5.40606
5.54832
5.36581
6.51509
5.85259
5.53746
5.98629
6.00232
5.65842
5.56215
5.56424
5.07403
6.03484
5.7539
5.75468
5.65869
5.62314
5.58342
6.25801
5.88507
5.26353
5.85488
6.31476
5.75171
6.19241
5.77563
5.4843
5.35682
5.58558
4.90713
5.98273
5.73842
6.60318
6.23453
5.57375
5.18742
5.7438
5.52447
5.17948
4.86974
5.67535
4.86979
5.55377
4.84484
5.41857
5.55609
5.66372
6.31565
5.78607
5.10323
5.37197
5.8622
5.14938
6.05263
5.31838
5.23537
6.05116
5.06707
6.35013
5.87152
6.01578
5.74626
5.50642
5.69529
5.78278
5.6055
5.76402
5.95483
4.75901
5.49047
5.128
4.96672
5.83123
5.68228
5.63976
5.31362
5.73604
5.37239
5.94531
5.87947
4.93636
6.07143
5.69879
6.12289
5.89857
5.94306
6.37425
5.04223
5.50854
5.15215
5.78406
6.21292
5.53155
6.22257
6.04452
5.27772
5.3187
6.19401
5.64157
5.97492
5.21349
5.62558
5.48384
5.92129
5.16509
5.07075
5.31978
5.20737
5.87438
5.88312
5.7525
4.96559
5.32397
6.32235
4.96098
5.47928
5.62754
5.52579
5.37166
4.96907
5.52667
5.92976
5.78489
5.67689
6.16545
5.8382
5.68145
5.82927
5.51957
5.47787
5.51105
5.04724
5.5856
5.4898
5.99992
6.49503
6.15613
5.97109
5.9426
4.59507
5.07079
6.22784
5.61118
4.66377
5.86437
6.80494
5.23735
5.96437
6.41126
5.17922
6.0914
5.11379
5.47444
5.51109
5.70597
6.42384
6.05693
5.32805
6.05108
5.81714
5.78581
5.81593
5.69934
5.89566
6.33802
5.11895
6.43807
5.36612
5.28
5.52729
4.91213
5.0701
5.38644
5.5649
5.56998
5.45492
5.71645
4.88386
5.6966
6.33583
5.54075
5.78942
4.89397
5.21605
5.97417
5.28171
5.30331
5.75433
5.56904
6.24479
6.09271
5.85071
5.96218
5.64758
5.18535
5.60369
4.62244
6.08066
5.44087
6.06083
6.05769
5.46926
5.60588
6.58537
4.91637
4.96528
5.83861
5.53348
5.92811
6.44297
5.42849
5.96521
6.33024
5.31793
5.85702
5.94555
6.04471
5.70662
5.2893
5.56115
5.95163
5.38485
5.71683
5.31648
5.87269
6.04677
5.4664
5.44498
5.71965
4.96024
5.02037
5.73298
5.30234
5.58469
5.60394
6.182
5.94029
5.72802
5.51901
5.82068
6.0858
6.35602
5.6709
5.49386
6.27099
5.76818
5.7003
5.80443
5.86319
6.11572
5.64767
6.13765
6.58674
5.45944
5.32576
6.27996
5.25333
5.61464
5.60303
5.69443
5.29551
5.36058
5.88647
5.42126
5.72755
6.15479
5.71112
5.81921
5.24056
5.67813
6.28798
5.67036
6.04832
6.12333
5.46135
5.49759
5.67839
5.03812
5.47419
5.15524
4.95915
5.17414
5.37422
6.03209
5.0186
5.78927
5.77059
5.56808
6.16001
5.34353
5.21121
5.00521
5.30691
5.49155
5.83972
6.37963
5.60877
5.28756
6.16462
6.48346
6.17231
5.85351
5.87988
5.37207
5.61326
5.61085
5.60114
5.90714
5.72686
5.77939
5.58811
6.00024
5.11641
5.69201
6.16634
5.81529
5.58573
5.16934
6.02804
5.1981
5.66355
5.61111
5.01991
5.34713
5.80196
5.49438
6.31931
5.92963
5.96521
4.80343
6.007
5.8859
6.05617
5.88745
5.24175
5.92246
5.57897
5.23071
4.65301
5.17889
5.98479
5.30694
5.3564
5.60228
5.58986
5.64439
5.64415
4.92862
4.67101
5.76417
5.87819
6.44042
5.54154
6.21215
5.83683
5.5359
5.65197
5.59516
6.2889
5.88648
5.30225
5.20365
5.33709
5.79487
5.35538
6.17999
5.28975
5.75601
5.4931
5.60321
5.67427
5.83638
6.14687
5.21907
5.93962
5.67098
5.40147
5.65304
6.05808
5.74779
5.4541
6.2749
5.973
5.71304
5.83771
5.4722
6.00442
4.91777
5.74722
5.93703
5.54451
5.83172
5.73057
5.09162
5.4293
6.67345
5.77008
5.11587
5.8303
5.23362
5.49125
5.15521
5.23393
5.37501
6.48508
5.25948
5.29753
5.62288
4.91212
6.35241
5.38253
5.99467
5.95354
6.24736
5.84546
5.94489
5.51223
5.97982
5.76155
5.0567
6.08773
5.50755
6.14315
5.45425
5.29254
5.91708
5.41062
5.67409
5.27727
5.75075
5.08779
5.92724
5.91204
5.87952
6.29838
5.39031
5.9175
5.00841
5.13514
5.9082
5.93733
5.45686
5.49119
5.48452
5.37461
5.10101
5.03664
5.65111
5.27955
5.1991
6.351
6.20184
6.03416
5.34119
6.15939
6.06606
5.73167
5.9219
5.59563
5.68656
5.68961
5.14962
4.93331
5.17259
6.19224
5.76404
6.11911
5.33208
6.12417
5.66153
5.80893
5.59402
5.29321
5.25546
5.49398
6.57316
5.64648
5.82211
5.98081
5.36064
5.33748
5.9798
5.9079
5.32145
5.53476
6.05327
5.35212
6.16182
5.1134
5.93606
5.76351
6.19945
6.04018
5.31309
5.3407
5.52928
6.09441
5.45026
5.73117
5.49699
6.03644
5.84675
5.18322
5.66409
5.69851
5.59419
6.38402
5.04251
5.59521
5.77394
5.83548
5.14032
5.41514
6.27454
5.10781
5.22576
6.17412
6.15857
5.33386
5.64794
5.88694
5.31023
6.10114
5.7875
5.16773
5.29172
5.78632
5.32396
5.9729
5.43376
5.5058
6.30993
6.56323
5.56976
6.09138
5.03691
5.50975
5.46601
5.3324
5.76581
5.65643
5.6976
5.77298
5.24119
5.64722
5.477
5.5218
6.18533
6.38905
6.51228
5.88032
5.81178
5.29742
5.06598
5.36674
5.58511
5.47075
5.63045
6.3276
5.21989
5.08081
5.08353
5.18439
6.73073
5.56992
5.82298
6.1968
5.06062
5.78957
6.46675
5.40659
5.40407
5.72326
5.6769
5.61933
4.97419
5.53767
4.99305
6.12217
6.10062
5.45989
5.52536
5.18301
5.54645
5.27726
5.49405
5.26024
5.74204
4.9441
5.86566
5.14196
5.39691
6.19036
5.78276
5.5888
5.9358
5.41033
6.3295
5.76484
5.73537
5.29972
5.33994
5.73596
6.34467
6.18696
5.89127
5.51175
5.59526
5.32691
5.46325
5.53576
5.26074
5.6733
5.14063
5.88192
5.95706
4.89052
4.43481
5.46365
6.15647
5.4364
5.85532
5.22419
5.63052
4.79742
5.92053
6.1739
4.81905
4.37936
5.36653
6.05744
5.28346
6.25737
6.08621
5.49034
5.89404
4.68707
5.77762
5.8899
5.45105
5.54812
5.576
5.41111
5.4089
4.99278
5.63347
5.43457
5.29229
5.82021
5.35269
5.52307
5.16282
5.77125
6.32975
4.95355
5.09683
5.11789
5.71041
5.64942
4.98981
5.51045
5.55941
5.48056
5.41897
4.96447
6.34891
5.4807
6.04833
4.97087
5.14338
5.29947
5.58749
5.98788
5.4633
5.37103
5.33495
5.2078
6.76629
6.0422
5.59589
5.13756
4.56534
5.33928
4.83835
5.85114
5.93948
5.03559
6.00971
5.60232
5.24536
5.29111
5.2674
5.55836
6.01694
5.54603
5.73627
5.90845
6.1018
5.5467
5.19197
5.948
5.72816
5.77288
5.97059
5.23626
5.48456
5.28398
5.53077
5.79763
5.71719
5.78033
5.82198
5.42317
5.45228
5.48028
6.4495
6.04966
6.53794
5.32731
5.37793
5.44812
6.11247
5.07523
4.8894
5.7599
5.26904
5.33228
6.18076
5.56322
5.88435
5.58372
5.68315
6.21488
5.13533
5.40921
6.59298
5.45682
5.4009
6.04421
5.7981
6.22399
5.41329
5.44937
5.72028
5.31468
6.33971
5.32152
5.87943
5.00162
6.06362
5.00346
5.64741
5.6048
5.81511
6.18317
5.0239
5.80159
5.5903
5.34639
5.3878
6.07377
5.06721
5.43195
5.62505
5.43678
5.5261
5.64747
6.29217
4.71452
5.80432
5.34991
6.3873
6.16879
6.18912
5.60461
5.69708
5.71579
5.28447
4.84765
5.99458
6.366
5.64772
5.89818
5.42988
6.09701
6.2777
5.79639
6.20694
5.80505
6.40795
5.65784
5.64954
5.18096
5.48569
5.97045
5.60769
5.20131
5.79599
5.81489
5.89158
4.4816
5.40927
5.57247
4.83267
6.18809
5.57723
5.6182
4.77855
5.43573
5.8363
5.8171
5.82523
4.76896
5.41459
5.44084
5.32432
5.39704
6.27688
6.04273
5.90715
5.66024
5.38617
5.56204
5.66631
4.97219
5.56302
6.27788
5.57305
5.43436
5.89506
5.44895
5.79047
5.57929
5.45577
5.59671
5.47103
4.90051
6.40406
4.90094
5.39576
6.33094
4.85736
4.22294
5.964
5.4365
5.43644
4.96463
5.9271
5.84107
5.86767
5.34595
6.17413
5.64844
5.83317
6.0541
5.07895
5.9713
5.65395
5.73804
4.77827
5.39392
5.56288
5.45182
5.02206
6.14936
4.81141
5.93061
4.87273
5.89229
4.94483
5.26024
5.23384
5.54701
4.89783
5.73537
5.72232
5.6823
5.5689
5.80182
5.57414
5.65714
5.9905
5.47515
4.95217
6.20638
5.86519
6.00475
5.85299
5.31707
5.44562
5.74141
6.30571
5.56293
5.37387
5.60601
5.49319
5.34247
6.00964
5.95083
4.83993
5.48304
5.61882
4.97581
6.05033
5.81214
5.46682
5.4142
4.73815
5.62411
5.66732
6.01022
6.11595
5.69296
5.18652
4.8229
5.68871
5.39936
5.48803
5.56495
5.4961
5.71775
5.32035
5.67245
5.48365
5.95169
5.95499
5.63136
6.28155
6.0557
6.76578
5.22374
5.25507
5.70144
5.61808
5.33245
5.67133
4.96045
5.42154
5.80086
5.448
5.26057
5.72065
5.53294
5.24036
4.94437
5.20681
5.69702
5.59105
6.60192
5.82072
5.43936
6.04976
5.85511
6.23634
5.58346
5.70055
6.08379
5.82562
5.85484
5.35882
5.20212
6.08171
5.4656
5.53522
5.86652
5.92348
5.42515
5.94621
5.74527
5.79144
5.3995
5.33341
5.35973
4.88513
5.39848
5.48915
5.05961
5.12592
6.19365
5.29382
6.89586
5.7066
5.20268
5.69833
5.22606
5.92501
6.1677
6.33974
6.04862
5.70424
5.07745
5.31185
6.51542
5.96318
5.71483
5.52294
5.46923
4.96556
5.22292
5.06571
5.35851
4.95437
5.58065
5.43242
5.48289
5.84421
5.32902
5.61291
5.40995
6.02647
5.50535
5.73057
5.84557
5.5736
5.17653
5.87916
5.95714
5.15025
5.20184
