15.6835
12.8518
9.59567
9.79334
8.89685
8.52196
8.44098
8.22472
7.70438
8.16552
7.33911
7.24642
7.93551
7.75684
8.65479
8.72512
7.5478
7.75698
7.44475
7.8291
7.57865
8.145
6.66059
7.0498
7.96808
7.82244
8.1154
6.95982
7.23495
7.18845
9.28481
7.53299
7.82791
8.18518
6.4457
7.58476
7.92317
7.79976
7.35204
7.58396
7.11415
6.3475
7.36993
8.41383
7.4902
7.15024
7.43844
6.87523
8.02561
7.55039
7.63405
7.16474
7.27691
8.1482
6.5529
7.23748
6.91643
7.46926
6.41425
7.71288
6.69224
7.39565
6.81399
7.1291
6.54815
7.11019
6.50614
7.18164
6.95395
7.81778
7.57217
7.46626
7.09267
6.68265
7.07926
7.5032
7.0475
6.50658
6.65539
6.86861
7.5016
6.8379
7.27153
6.86719
7.53406
6.17506
7.12729
7.13334
6.479
6.36351
6.94881
7.14783
7.07871
7.71847
7.83556
6.60137
7.01808
6.71382
5.87969
6.36187
6.16013
6.6485
6.12411
7.1245
6.05191
6.23851
5.79961
5.98214
6.24828
5.5135
5.9672
5.80192
6.08261
6.57698
6.47366
6.09722
5.61038
5.68668
5.49189
6.33412
6.04285
5.6985
6.20364
5.65248
5.34571
6.09703
5.87409
6.40536
5.59328
5.77976
5.23665
6.18988
6.42053
5.32404
5.94037
5.90231
5.40486
5.46036
6.4816
5.27229
5.8303
6.04072
6.74469
6.34542
5.87314
5.07031
5.68861
5.26736
5.33007
5.44239
5.67234
5.28953
5.77453
5.54033
5.41135
5.59719
5.85295
5.2949
6.79867
4.8592
5.5604
5.98704
5.80989
5.59892
5.54975
5.69935
5.66615
5.0453
5.09737
5.00329
5.24763
5.60082
5.56621
5.71918
6.35047
5.43789
5.47805
4.95287
5.14403
5.74312
5.02925
4.92928
5.94207
5.40495
5.34093
5.37398
5.37361
4.97702
4.81381
5.39051
5.41139
5.50453
5.88653
6.12847
5.09924
5.80287
5.01178
5.12414
5.10077
5.58369
5.22287
4.71258
5.22661
5.83291
5.42139
5.45063
5.13189
5.11614
5.69041
5.22755
5.16489
4.47829
5.34871
5.41707
5.6364
5.85764
4.45807
5.80485
5.07361
4.89747
5.45331
5.26771
5.26059
5.15758
5.07853
5.56757
6.00152
5.43613
4.92153
5.68213
5.06178
6.01559
5.22303
5.05432
5.01377
5.72235
4.99969
5.42131
5.13964
4.63881
5.12081
5.37428
6.12634
5.41857
5.10811
5.2928
5.07408
5.62385
5.38276
4.80474
5.06053
5.02953
6.1664
5.2263
4.89917
5.15566
5.75296
5.6925
4.91825
5.77995
4.66744
5.32732
4.74065
5.60291
5.46285
4.96855
6.10793
5.69852
4.9432
5.27493
4.86423
4.67845
5.09267
5.09178
5.06477
5.64141
4.90233
4.93122
5.23458
5.08612
5.2144
5.7391
4.94938
5.36985
5.34668
5.58993
4.51574
5.42621
5.27158
5.18758
5.06485
4.74172
5.47602
5.16373
5.25938
5.0022
4.9986
5.25399
4.75586
5.97571
5.25401
5.27035
5.02324
5.24312
5.33378
5.34952
5.1203
5.2918
4.83163
4.93722
5.22767
6.10663
5.09378
4.96368
5.21684
5.6549
4.96315
5.37758
5.33909
5.24074
5.28647
5.43795
4.7159
5.5828
5.93419
5.14345
5.52321
5.24433
5.25928
5.90965
5.04115
4.98509
5.59209
5.08476
5.14711
5.17087
4.9521
5.44685
5.17852
4.20641
4.83202
5.40923
5.44944
5.53419
5.09535
5.27542
5.00603
4.94741
5.06604
5.23971
4.94934
4.81316
5.34432
5.11201
4.44727
5.15271
5.35701
5.06139
6.34266
5.08036
5.33812
5.69145
5.77155
5.41484
4.99214
5.29512
4.81849
5.66185
4.75154
5.47845
5.2614
5.03854
4.89264
5.14205
5.3441
5.0781
4.98882
5.02415
4.71419
4.94985
5.43686
5.10314
4.65566
4.98285
5.46705
5.77134
5.43874
5.05339
5.01722
5.47525
4.88998
5.29095
5.17135
5.07697
5.26185
5.08662
5.07811
5.51018
5.4024
5.1529
4.83816
4.81302
4.96751
5.12018
5.44507
5.52637
4.97229
4.99852
5.02792
5.62942
5.09675
4.99842
4.94253
5.29594
5.06174
4.60271
5.06831
4.63455
4.97773
4.58237
5.15069
5.35728
5.60137
5.40502
4.92429
5.12209
5.44782
4.86153
4.93121
4.38323
5.0731
4.65788
4.96009
5.41795
4.79351
5.08234
4.88087
4.82645
5.64431
4.77447
4.88351
5.06394
4.83604
5.8213
5.10688
5.6266
4.6651
5.54636
5.28956
5.00848
5.76341
5.69467
5.45881
4.95877
5.2152
5.65605
4.95231
5.28972
4.68415
5.08729
4.93671
5.20872
5.15234
5.12629
5.24997
4.92833
5.71249
4.63651
4.8553
4.8186
5.46763
5.80642
4.73741
5.09259
5.39922
5.02537
4.55247
4.91986
4.84047
5.30305
5.33533
5.78215
4.70944
5.22718
4.83996
6.15197
4.49986
5.01751
5.27556
5.04415
5.44172
5.13187
5.06707
5.4792
5.11743
5.03296
4.87864
5.18481
5.02457
5.88946
4.81523
4.72893
5.29849
4.94643
4.94696
5.43566
5.30233
5.052
4.76065
4.9886
5.14547
5.38215
4.75419
5.0358
5.32477
5.07261
5.50959
4.30155
5.31151
5.90513
5.81896
5.27738
5.08387
5.16513
4.4144
4.8207
5.96031
5.19597
5.0579
4.85093
4.76804
4.8251
5.06937
5.27857
4.7986
5.2737
5.21901
5.91984
5.18307
5.12499
4.78944
6.30184
4.14733
5.22136
5.69321
5.8007
4.46763
5.2011
5.16113
5.11341
5.01278
5.24929
5.0496
4.75979
5.21402
4.95174
4.83401
5.07886
5.15789
4.33915
4.84633
5.11424
5.82553
4.72551
4.60621
5.40608
4.52926
4.59455
5.09041
4.82643
5.08565
4.99215
5.41038
4.84371
4.92726
5.30544
4.73578
5.15047
5.43701
5.45755
5.01429
5.1832
5.36787
4.69905
4.84804
4.82589
5.01519
5.12768
4.70106
4.65591
4.76975
4.81065
4.48053
5.25601
4.56227
5.26958
5.06361
5.25923
5.76277
4.70505
4.95694
5.30732
5.82515
5.40244
5.14765
4.81407
5.15241
5.18867
6.22566
5.04988
5.05128
5.36194
5.4977
5.14027
5.12192
4.73925
4.54554
5.24592
5.71304
4.7867
4.60882
4.67831
5.55516
4.52961
5.01453
4.80534
4.6479
5.37295
4.85859
4.9644
5.21365
4.84848
6.07838
4.93865
5.73274
5.14014
5.05494
4.88444
4.74436
5.02956
4.82787
5.38307
5.13118
4.78269
5.24773
4.71931
4.83064
5.64734
5.04807
4.98936
5.34853
5.32393
5.2449
4.51125
5.32179
5.46898
4.14604
4.73322
4.81003
4.80529
5.00094
5.28321
4.76509
4.38572
5.39599
5.91975
4.82975
4.83536
5.0155
5.09091
5.07544
4.67891
5.10637
4.85444
5.33343
5.06417
5.16223
4.49265
4.65006
4.7619
5.18351
4.25691
5.38915
5.14687
5.60602
4.73223
5.11095
5.23886
4.8021
5.1953
5.35393
5.76635
5.06386
4.53975
5.11925
5.5565
4.68917
4.73811
5.33636
4.89704
5.53093
4.9182
5.32445
4.8791
5.45604
5.22638
5.38725
4.58128
4.85921
5.08305
5.01929
5.59614
5.26169
5.07076
4.66724
5.40425
4.92046
4.88373
5.96029
4.95116
5.00009
4.64327
5.04006
4.55936
5.01303
4.85778
5.28639
5.23867
5.11116
5.53135
4.50958
5.13195
4.65448
4.89602
4.90864
4.85566
5.09637
5.52253
5.07444
4.80382
5.43623
4.64656
4.65973
4.48291
4.69004
4.94196
4.96024
5.44368
4.81623
4.56225
4.78745
4.48934
4.4269
5.62584
4.79665
5.09092
4.88542
4.33464
5.41932
5.0348
4.351
5.14622
5.9956
4.93115
4.49551
5.06182
4.73914
4.66137
4.47829
5.50608
5.17553
5.39728
5.74519
5.09841
5.08388
4.81488
5.05309
5.64682
4.98165
4.67067
5.1267
4.69001
4.36114
4.88082
5.25153
5.17538
5.25789
4.63518
4.82458
4.73901
5.33592
4.54212
4.71803
5.12859
4.98519
4.89762
4.83568
5.21028
4.91316
4.72071
5.42009
5.43888
5.94563
5.00547
5.19581
4.34662
4.51787
5.12261
4.61071
4.32738
4.88992
5.81196
4.46631
4.88115
4.72414
4.9348
4.92515
4.68003
4.36806
5.62704
5.57157
4.88157
5.46547
5.04952
5.54673
5.56086
5.06868
4.68414
5.17516
4.53566
5.24027
5.09841
4.6982
5.44605
5.30768
4.77168
4.91295
4.88176
5.00146
5.62483
4.82307
5.28191
4.5956
5.41802
4.64196
4.91916
5.26124
5.00723
5.04429
4.83745
5.54785
4.77907
5.01405
4.55445
5.31419
4.98731
4.52334
5.15297
4.96814
5.11249
4.93939
4.61707
4.51525
4.66419
4.69718
4.68895
5.52463
5.39177
4.92489
4.70334
4.6355
4.47398
5.3093
4.40712
4.8773
5.36054
5.1384
5.16951
4.76515
5.15955
4.80922
5.16003
4.85921
4.58392
5.06129
5.02627
4.98136
4.77327
4.77697
5.26796
5.22589
5.1796
5.15503
5.58181
5.32094
5.25412
4.53728
4.95634
5.07896
5.31519
4.90848
5.85909
4.8599
5.09484
4.77812
5.22427
5.16841
3.95796
5.57931
5.24367
5.07295
5.37158
4.42727
5.10326
5.26057
4.87808
4.90813
4.58762
5.41176
4.70685
4.82714
4.89312
4.95568
4.94192
5.18576
4.76621
5.14597
4.57186
5.13373
4.73818
5.00136
4.69932
5.23361
4.94547
4.76261
5.35268
5.81711
4.9959
4.61059
4.25579
4.56407
4.78776
4.60843
4.38342
5.3656
4.95185
5.36866
5.10314
5.03442
5.10977
5.06079
5.52321
5.42994
4.31803
5.21254
5.97252
4.5327
4.49913
4.9282
4.37361
5.47143
5.15827
4.97319
5.06342
5.51383
5.24658
4.85712
4.38293
4.99984
5.14439
5.41435
5.56452
4.74451
5.2211
4.89815
5.3421
5.17879
4.83806
4.90943
4.62298
5.52299
4.80604
5.48844
5.05189
5.28669
4.66979
5.51761
4.76594
4.63227
4.96351
5.34214
5.03314
5.14417
4.81639
4.43674
5.48475
4.59417
5.26848
4.73839
5.43395
6.12431
4.90033
5.49856
4.75348
4.81348
5.13114
4.814
4.59918
4.90289
4.71346
4.66159
5.93281
4.98349
5.32452
5.15986
5.03176
4.91972
5.26782
4.71671
4.39842
5.15352
4.2541
5.06986
5.42427
5.02634
5.3224
5.3559
5.09318
4.83255
5.45187
5.20505
5.02015
4.61389
5.15504
5.10526
5.08826
4.42747
4.65389
5.20652
4.46727
5.97978
5.36865
5.25881
4.91834
4.9616
4.49972
5.17731
4.46259
5.43955
4.14253
4.76019
4.46893
5.23378
4.53565
4.78337
4.80928
5.0499
5.02748
5.29045
5.52122
4.41834
4.86241
5.31974
5.32769
4.97756
4.43069
4.86714
5.10247
4.48837
5.1858
5.16128
4.80155
4.80368
4.81279
4.39419
4.47251
4.79457
5.12462
5.82862
5.10514
5.21556
4.94411
4.26129
5.26168
4.66862
5.28898
4.71053
5.55812
5.36339
4.64773
4.89148
4.77549
5.37609
4.62348
5.44535
4.87409
5.08433
4.7856
5.12797
4.78537
5.0851
4.63606
5.41107
4.47283
5.47414
4.63682
5.5603
4.8734
4.79131
5.53848
5.38493
4.79319
4.84641
4.87527
5.23701
4.89171
4.58999
4.99842
5.26758
5.07714
4.41215
5.2939
4.85167
5.06177
4.6748
5.0188
5.10498
5.10107
4.91825
5.25883
4.88825
5.10136
5.24373
4.3375
4.96148
4.42759
4.76262
5.26597
4.69743
4.78078
4.79881
4.65193
5.27546
4.90698
5.09948
4.90993
4.34396
4.86823
4.98133
5.22651
5.27376
4.83838
5.18948
4.99234
4.98861
4.82331
5.19779
4.87405
4.49484
5.12399
5.18593
5.28342
4.8447
5.19594
4.66338
5.47855
4.24699
4.96529
4.71723
6.37789
5.26005
4.95831
4.67511
4.75324
4.24619
5.18753
4.97392
5.67167
4.75577
4.86131
4.80243
5.33531
4.47545
4.42846
4.29165
5.43428
4.27972
5.83645
4.8376
4.98821
4.5004
4.91817
4.68486
4.87124
4.86223
4.84874
4.6723
4.38093
4.81857
4.39699
4.57783
4.41814
4.57401
5.11244
4.5096
5.86798
4.73701
4.79881
4.98775
5.23564
5.27773
4.47792
5.1688
4.75279
5.57271
5.07618
4.84055
4.90357
4.91328
4.2852
5.00064
4.94229
5.09753
5.57336
6.05552
5.6846
5.40693
4.76301
5.52239
4.74
4.77589
4.82891
5.31772
5.35127
4.87107
4.85001
4.92429
5.81362
4.55379
4.77878
5.10086
4.66141
4.73345
4.9614
4.8537
4.49541
4.87262
4.9835
5.52219
4.96169
4.41839
4.72948
5.12032
4.92771
5.32864
4.74124
5.64819
5.57001
4.45258
5.34206
4.85758
5.25034
5.27667
4.85566
4.88083
4.82137
5.08558
5.00992
4.49118
4.5951
4.95472
4.69212
5.26914
5.17721
4.79871
4.98203
4.74883
5.33141
4.77926
4.87354
4.801
4.56135
4.98417
4.69706
5.09001
5.29839
5.37777
4.49994
5.15848
4.7876
4.94973
4.97131
4.71874
4.74021
5.22427
4.89068
4.02258
5.18048
4.83231
4.64973
4.99552
4.88221
4.84015
5.24262
5.11702
4.56538
5.54858
4.46997
4.94385
5.07165
4.40439
4.84372
5.96705
4.2439
4.46824
5.43289
5.21841
4.65904
5.39696
5.0128
4.59404
4.73463
5.00544
5.61061
4.77425
5.22639
5.24393
4.31389
4.65686
4.75805
4.68153
4.58097
5.09079
4.80344
4.68813
4.92618
4.70505
5.65586
4.96157
5.36573
4.7307
5.27858
4.66701
4.81191
4.3212
4.86221
5.23253
4.54655
4.57754
4.93374
4.49108
4.69498
4.70943
5.70885
5.23938
5.30848
4.94463
4.63905
4.88851
5.11699
4.44408
4.85738
5.12738
4.47995
5.35968
4.78185
4.54896
5.28885
5.37347
4.92661
4.34583
4.9297
4.70328
5.00785
5.29378
5.02726
5.3209
4.80078
4.36195
4.64618
5.0547
4.62529
5.17758
4.57105
5.28115
4.56789
4.95804
4.85369
5.34504
4.94019
5.67778
4.07651
5.35416
4.45172
4.96975
4.79219
4.98856
5.01936
4.79141
5.03188
4.94127
4.54776
5.21524
5.03637
5.06816
4.75488
4.6568
5.12932
4.9964
4.99273
4.69062
5.01646
4.80279
4.92886
5.04862
4.62485
5.38228
5.2749
4.42618
5.11232
4.49784
5.28688
5.09868
5.48196
4.94485
5.74509
5.18706
5.24288
4.98711
4.89322
4.68238
5.52373
4.73191
4.68218
5.61934
4.81374
5.06666
4.77688
4.51861
4.83531
5.14197
5.24835
5.55569
4.70017
5.18571
4.65728
5.47043
5.49762
4.21952
4.26065
5.27312
4.88637
5.34436
5.03814
4.68307
4.56147
5.22892
5.16096
5.21673
5.10492
5.12536
4.38468
5.63863
4.84766
4.54247
5.53788
4.33321
4.99498
4.58179
4.17903
4.55481
5.27609
4.48555
3.85233
4.96124
4.71597
5.5699
5.17639
4.91182
4.67655
5.08707
5.59553
5.18034
4.75334
4.94801
4.8687
4.46066
5.32528
5.1876
4.95307
5.25597
4.6524
5.07913
4.33225
4.82231
4.46794
5.35815
4.97371
5.16439
5.41974
4.62787
4.70285
5.52073
4.60651
4.48346
5.55264
4.71
5.13482
5.11763
4.13737
4.52151
5.36556
4.80233
5.05448
4.79801
5.08203
4.61751
5.15605
4.37555
4.50363
5.43166
4.87415
4.95007
5.1967
5.50007
4.44567
4.66279
4.36886
5.24581
4.93502
4.69603
4.58024
5.52772
5.02021
5.6127
4.80734
4.84895
4.724
4.90851
5.41539
4.53466
5.36802
5.12745
5.43451
4.57811
5.37413
5.60276
4.84207
5.16271
4.67061
4.47535
4.94063
5.34503
4.65132
4.5788
4.99904
5.01905
4.73413
4.89317
4.8318
4.99122
4.79194
4.78767
4.69968
5.57466
5.24863
4.40578
4.96498
4.7823
5.13584
5.38521
4.74232
4.88538
4.44045
4.77633
4.77185
4.8668
4.64139
4.72408
4.57432
5.7849
4.80434
4.65539
5.41501
4.87436
4.11867
4.38938
5.2157
4.73538
4.53549
5.05245
4.82896
4.61507
4.69016
5.17098
4.9627
4.4208
4.97836
4.99934
5.81629
4.77677
5.17732
4.81421
5.36426
4.64694
4.83409
4.88372
4.65292
4.66286
4.70696
4.89344
4.78163
5.50097
5.18829
4.8768
5.2337
4.94674
4.78867
4.93783
4.78951
4.92967
4.99846
4.09924
5.10872
4.46021
5.03299
4.21614
4.40988
6.22891
5.61537
5.1969
5.13318
6.04571
4.5843
4.85275
4.88213
4.81347
4.83827
5.38241
4.13609
4.64195
4.7346
4.68129
5.076
4.74678
4.69484
4.92296
5.11882
4.3614
5.42003
4.87937
5.04336
6.00042
5.37804
4.79452
4.61926
5.45917
4.5137
4.61683
4.88614
4.73763
5.44125
4.67658
4.83855
4.91104
5.34126
5.00821
5.22892
5.06152
4.52543
4.54473
4.87301
4.68242
4.97089
5.4216
4.62499
5.28641
5.20598
4.59512
5.72142
4.82211
4.41539
5.14526
4.93952
4.69301
5.1651
4.31254
4.17191
5.00739
5.16927
4.39141
4.83744
4.80045
5.21143
4.88262
5.23294
5.02174
4.90282
4.85013
5.09478
4.76898
5.59983
5.46593
5.22733
4.75909
4.80941
4.51806
5.25327
4.87251
4.77387
4.9358
4.66346
4.90801
4.87427
5.29565
4.89936
4.35297
4.84365
5.61766
5.11338
4.794
5.50354
4.76431
4.82544
4.96139
5.86901
4.9677
4.41141
4.64475
4.51782
5.22713
4.87411
4.71176
4.90172
5.13168
4.98712
4.74569
5.2016
4.9515
5.24076
4.9774
4.9175
4.97131
4.86381
4.84024
5.05172
4.62124
5.188
4.98119
4.98011
4.8586
4.74364
5.58434
4.86063
4.85482
5.29602
5.58158
5.15818
5.21292
5.04132
5.50319
4.37081
4.96522
5.4853
4.51952
5.04073
4.32797
4.73101
4.93197
4.73234
4.99488
5.10619
5.45167
4.66142
4.93499
5.18946
4.78753
4.94604
5.22465
4.67226
4.49873
5.04898
5.1024
5.70238
5.3972
5.33644
4.54405
5.33358
4.68138
5.43527
4.96849
5.09834
4.32795
4.80783
5.7342
5.44208
5.01108
4.84144
4.77669
5.07079
5.19379
5.91336
5.43981
5.46338
4.57772
4.82159
4.66932
5.54697
4.87792
4.52122
5.58391
4.61735
4.2623
5.32426
4.73831
4.64949
5.12832
5.14934
4.34538
4.83485
4.95012
4.97645
4.81046
5.07147
4.77477
5.05521
5.15666
6.02127
5.39438
4.39551
4.74197
5.33779
4.88849
5.12948
5.27767
4.54567
5.42443
4.5814
5.24279
5.04846
4.66276
3.96343
5.13721
5.11684
4.60642
4.98839
5.2329
5.05413
4.90155
5.36103
4.88109
4.90438
4.4797
4.64808
4.60219
5.27022
3.9247
4.74052
5.29935
4.4533
4.97758
5.05937
4.51637
4.58691
5.05697
4.68927
4.47862
4.68434
5.05426
4.7982
5.14377
5.13357
5.09664
5.84095
4.83779
5.02523
5.05666
4.71047
4.79758
4.49305
5.09048
5.05666
4.66877
4.65139
4.98723
4.74349
4.47702
4.76384
4.67357
4.55215
4.61998
4.71318
4.10393
4.74594
5.49247
4.87494
4.89321
5.57635
5.70685
5.03484
5.02838
4.91936
5.33084
4.83668
4.38774
4.93592
5.29203
5.14784
4.94329
5.16705
4.54768
4.07737
5.44076
5.17264
4.83072
5.01331
4.5516
5.02556
4.85258
5.04473
4.73718
5.08366
4.47808
4.46991
4.939
5.49084
5.08225
5.02469
5.10835
4.32616
5.22156
4.91546
4.53795
5.18984
5.03541
4.57858
5.28504
4.78055
4.91159
4.85974
4.07525
4.68852
4.95742
4.84376
4.74137
4.75074
4.78663
5.18071
5.08058
4.88715
4.5488
5.16589
4.79789
4.84912
4.78338
5.43884
4.75914
5.53224
5.0324
5.08417
4.84728
5.05506
4.82844
5.12008
5.22756
5.38291
5.06281
5.03049
5.1564
5.39995
4.79636
4.51427
4.28337
5.38455
4.32425
4.89675
4.6969
4.75978
4.93368
5.20223
5.36574
5.00444
5.5552
4.94706
5.30718
4.4259
4.85589
4.9224
4.55931
4.94272
4.9115
4.55369
5.21574
5.19902
5.04093
4.91054
5.00484
5.8238
5.56588
4.62412
4.79734
5.29883
5.12324
4.87764
4.70755
5.05911
5.12625
5.00865
4.92642
4.68469
4.50115
4.36289
5.12213
4.62113
4.68108
4.97759
4.26566
4.76527
4.81016
5.07598
4.9363
5.11934
4.63629
5.26481
4.73692
4.54546
5.66216
5.40699
4.95604
4.6312
5.1723
5.61861
4.67418
4.52745
4.70411
4.66171
5.26563
4.55468
4.42711
4.5129
4.57235
4.22648
5.17995
5.02123
5.48585
4.81119
4.72593
5.0656
4.20082
4.36244
5.19876
5.01553
5.02537
5.01795
3.9701
5.21822
5.43149
4.99385
5.4358
4.8035
4.88262
4.71898
4.18713
4.55653
5.31467
4.61861
5.06431
4.97185
5.10577
5.14662
4.77228
4.8705
5.38669
4.46468
4.95924
5.51891
4.87626
4.76115
5.14204
4.91054
5.18789
4.79182
5.29471
5.4519
4.30392
5.10406
5.04767
4.87922
4.33234
4.57857
4.33147
4.31743
4.89369
5.5044
5.10263
5.21235
5.00341
4.75917
4.40935
5.05202
4.74963
4.96536
4.92973
5.41564
5.44552
4.78945
4.85655
4.48434
4.98833
4.71604
4.44882
5.37706
4.92623
4.75265
4.67459
4.95029
4.38976
4.82346
5.59291
4.42302
4.44968
5.04189
5.00644
4.6595
4.70651
4.52463
4.85661
5.42648
4.44856
4.7409
4.63085
5.02579
5.02979
5.11515
5.49986
4.55696
4.7171
4.62315
4.78395
5.4854
5.22303
4.64262
4.76935
4.73654
4.7665
4.19614
4.85549
5.02777
4.64519
5.14793
5.28991
4.70613
4.60366
4.55814
5.11841
4.52884
4.51152
5.32938
4.68947
5.3201
5.1544
5.1678
4.7471
4.89705
5.40852
4.84505
5.24912
4.43855
5.09274
4.71058
4.63798
5.22348
5.27736
5.06749
5.12789
4.56639
4.62474
4.80485
4.80291
4.92229
4.43266
5.11564
4.49461
4.90252
4.92773
5.10937
4.97022
4.35482
4.50486
5.24436
4.60944
4.82366
4.59793
4.6232
5.13976
5.57313
4.99574
4.94228
4.84333
5.19595
5.65155
4.47999
4.80036
4.5999
4.69553
5.19385
4.79897
4.34242
5.03497
4.72631
5.26431
4.74976
5.02959
5.31809
5.29708
4.84288
4.99767
4.94824
5.7387
5.50883
5.16312
4.56552
4.99115
5.17065
4.37769
4.96378
4.82743
4.50956
5.00445
5.02982
4.76953
4.94929
4.50588
4.49987
5.22472
4.09977
5.32111
5.15298
4.81923
4.87171
5.09327
4.51686
4.47498
4.68307
4.77599
5.07042
5.11595
5.25227
4.56607
4.48723
4.73099
5.35834
5.30569
4.77947
5.09965
4.8762
4.63546
4.75287
5.13121
4.13122
4.9018
4.3496
5.07232
5.63862
4.49771
5.5062
4.62801
5.23173
5.19314
4.46755
5.10414
4.68434
5.11475
4.60345
4.62822
4.69628
4.60712
4.6217
5.20927
5.02255
5.31136
4.21139
4.18945
4.82258
4.3574
5.06718
5.19491
4.69511
5.00019
5.43338
4.76539
4.56708
4.35841
5.0212
4.80649
5.33806
4.66177
4.78213
4.47088
4.42327
5.38294
5.31772
4.8228
5.19989
5.32061
4.96617
4.62434
4.70281
4.67319
5.05093
4.58566
5.44003
4.61732
4.63629
4.81956
5.75
4.70294
5.90044
4.62028
4.77028
5.33533
4.4094
4.70692
4.85118
4.13939
5.22939
5.06265
4.75468
5.2968
5.49561
4.74628
4.57252
5.37362
4.52188
5.33967
5.29445
4.94829
5.18437
4.59017
4.93607
4.26894
4.51478
5.13941
4.16507
5.063
4.66456
4.72553
5.26899
4.80579
4.83113
5.50965
5.18661
5.17051
4.56975
5.23654
5.25377
5.30653
5.22818
5.23461
5.31607
5.53554
5.16666
5.2467
4.29177
5.67023
4.76571
4.32502
4.48713
4.95138
4.74658
4.73721
4.83879
4.73335
4.71008
4.9272
5.08977
4.6065
4.61646
4.63099
4.67078
4.69375
4.87258
4.15145
4.97464
4.66186
4.3718
4.71063
5.45626
5.50151
4.24599
5.3727
5.13378
4.66015
4.69891
4.93655
4.61147
4.9971
4.44383
5.05349
5.29379
5.11847
5.45705
4.46697
4.81685
4.31258
4.24218
4.67535
4.7184
5.00374
5.15821
4.63745
4.90052
5.49526
4.6294
5.54829
5.08731
5.33554
4.76438
4.55004
4.25894
4.80975
5.47298
4.26118
5.24392
4.61461
4.99006
5.14175
5.09742
4.36405
5.07099
5.29967
5.01383
5.00739
4.88951
4.99539
5.21047
4.94026
4.23512
4.78275
5.46023
5.39084
5.65902
4.62114
5.14593
4.55771
5.31079
5.07674
4.56721
5.40688
4.85345
4.74793
5.76454
4.82215
5.09809
4.47797
4.74082
5.62863
5.69311
5.50267
5.05563
5.0274
5.0292
5.45251
5.19579
5.13845
5.35233
5.12282
5.04368
4.5931
4.55025
5.14528
5.25126
5.98171
5.18426
5.44785
4.56124
4.87606
5.51957
4.49419
4.44961
5.12996
5.22003
4.60173
4.68914
5.10023
4.32448
4.99552
4.93328
4.60794
4.73422
4.57732
4.87949
4.90639
5.40893
4.91169
4.8566
4.81052
4.87499
4.97951
4.83648
4.62326
4.33631
4.74046
5.45613
5.13642
4.5495
4.77564
4.95469
5.07089
5.01724
4.51708
4.84388
4.62443
4.77776
5.28277
4.25564
4.88061
4.65547
4.73718
4.99793
4.81386
4.82256
5.21214
4.94351
4.70944
5.05051
5.80726
4.78709
4.2351
4.62399
4.37228
4.45116
5.10358
5.23606
4.99935
5.06838
4.62176
4.2609
4.82473
4.64167
4.93606
4.72821
4.89593
5.06335
4.73769
4.5471
4.63567
5.23748
5.59552
4.93232
5.08023
4.62377
4.96152
4.71356
5.33485
4.70045
4.85272
5.6015
5.05532
5.18135
4.25154
5.17504
5.32151
4.45816
4.84181
5.12594
4.81226
4.71994
5.00244
5.514
4.93378
4.81519
4.71383
4.8771
4.81755
4.88873
4.80633
4.96154
5.61602
4.46382
4.83741
4.81804
4.90586
4.43724
4.68925
4.69225
4.80024
4.33066
5.22052
5.1789
5.04003
5.11355
4.8686
4.56548
4.60904
4.95874
4.84705
4.94919
4.38745
4.2984
4.63739
4.64171
4.76785
4.30366
5.13058
4.93473
4.75841
5.15924
5.00196
5.06047
5.55196
4.71155
4.55676
5.17762
5.19281
5.12621
4.32821
5.44256
4.80199
5.04412
4.60167
4.34849
4.27864
5.25541
5.14936
5.18863
4.9266
4.60982
4.74014
5.33366
4.91978
4.83884
5.53083
4.98217
5.17268
4.82904
4.37649
5.06154
4.48719
5.17951
4.6207
5.27006
5.05038
4.79767
4.54017
5.0241
4.96807
5.00293
4.72258
4.96839
5.11073
4.35041
4.41599
5.35771
4.73522
4.60456
5.13375
4.93011
4.95016
4.29137
4.86362
4.57406
4.73751
4.60198
4.72531
5.00923
4.86356
4.81249
4.99994
4.67817
4.52011
4.75032
4.66578
4.66342
4.65623
4.51463
5.37425
5.02475
4.71135
5.01611
4.83069
4.90788
4.33923
4.47903
5.48602
5.37917
4.95671
5.08926
4.89401
5.27868
4.37045
4.90648
4.47061
4.55604
4.33937
5.19417
5.01836
4.77936
4.24922
5.20609
4.72937
5.08418
4.94282
5.10188
4.55259
4.46085
5.99511
4.48773
4.65395
4.66642
4.57908
5.20525
4.96224
4.75197
4.68638
4.3492
5.18114
4.92309
4.8036
4.54519
4.87547
4.95754
5.06441
4.51331
5.38531
4.08961
4.70968
4.46213
5.23469
4.33625
5.21518
4.85391
4.82111
4.67397
4.57641
4.79856
4.26702
5.50541
4.85189
5.09312
4.78882
4.44816
4.39719
4.49528
4.54115
5.01459
4.82599
4.41172
4.35394
4.3239
4.892
4.68621
4.95031
5.04217
4.95743
5.51413
4.55254
4.35953
4.83054
4.81501
5.18782
5.1241
4.88969
5.02397
4.51347
4.72533
5.25986
4.56938
4.39014
5.38172
4.40909
4.31331
4.49994
4.43806
4.9005
4.94147
5.01896
4.7506
4.59231
4.76972
5.06395
4.99391
5.33237
5.38799
4.81781
4.62067
4.87556
5.46227
5.14652
4.88978
4.77754
4.24693
5.01089
5.15147
4.74235
5.02294
4.92174
4.73082
5.1151
4.87339
4.73323
5.65877
5.01199
4.74571
5.22225
4.77345
4.9366
5.30061
4.81552
4.25285
4.77637
5.39627
4.4798
5.10158
4.87842
4.95422
4.94742
5.21863
5.15761
4.61764
4.70536
4.11211
4.71614
4.85041
4.89579
4.86647
5.35236
4.40942
4.37842
5.34695
4.86674
3.82315
6.22483
4.40773
4.75017
5.20613
4.36368
4.90031
5.33016
4.79556
4.73689
4.8132
5.08204
4.97207
5.4353
5.33113
5.45038
4.26877
4.98861
4.53254
4.98268
4.25595
4.48919
4.97399
4.90832
5.08098
5.35998
5.39505
4.99271
4.78012
4.92118
5.42354
4.8323
5.25836
4.6166
4.59705
5.14439
4.7257
5.02229
4.68273
5.66121
4.5662
4.96315
5.12861
5.36562
4.53249
4.76857
4.81433
4.99898
4.92116
4.77762
4.55017
5.23936
4.67839
4.75423
4.20982
4.75123
4.62393
4.74529
5.11717
4.79527
5.07287
5.09577
4.80456
4.827
5.5207
4.68281
4.08054
4.35628
4.47096
5.21204
5.43038
4.61631
4.24022
5.16322
5.00001
4.3298
4.60749
4.53227
4.84968
4.58826
4.75658
4.98082
4.73323
5.18136
4.6952
5.48264
5.49164
5.77274
4.50066
4.39831
5.22583
4.50549
4.81862
5.26106
4.43752
5.06626
4.57313
5.14464
5.04379
5.05897
5.07576
5.01113
5.30876
5.09679
5.13786
5.26284
4.45577
5.08899
4.79693
4.4473
4.74984
4.99683
4.85186
5.05774
5.44625
4.84771
5.10482
4.41176
4.57841
5.36495
5.17652
4.47266
5.07042
4.56053
5.40311
4.26879
4.60562
5.08868
4.7683
5.34694
4.67561
5.25553
4.14265
5.76037
4.76355
4.90898
4.61612
4.5919
5.45969
4.84308
4.74738
4.47956
5.25046
4.88929
4.00272
5.25534
4.96931
4.61785
5.21132
4.80282
5.12223
4.51217
5.44137
5.12941
4.83263
5.42147
4.93071
4.94952
5.27946
4.60696
4.8469
4.51923
5.26844
4.95201
4.71148
5.13642
5.24196
4.66202
4.8156
4.56942
4.77118
4.98987
4.76682
4.94925
4.87815
4.21871
4.66475
5.22701
5.05335
4.9578
4.64681
5.25012
5.0016
4.63681
4.62986
5.13637
5.03775
4.66647
5.09899
4.36283
4.83062
5.0405
4.47991
4.90348
4.5416
5.17861
4.96539
4.61017
4.58095
4.73144
5.48129
4.45965
4.59452
4.60169
4.57695
4.5622
4.87263
4.94197
5.03596
5.2682
4.42202
4.72459
4.42988
4.87815
5.08781
4.7615
5.16029
4.84859
5.1757
4.87061
4.84746
4.95528
5.02464
4.88958
4.47178
5.19008
4.40986
4.58187
4.25861
5.09913
4.65075
5.15734
5.02769
4.58565
4.87733
4.2784
4.58108
4.1475
4.99723
4.778
5.68677
4.7512
4.52126
5.06809
4.50504
4.88908
5.27105
5.153
4.95456
4.5589
4.44149
5.01405
4.9246
4.42138
4.34642
4.8297
5.30105
4.68339
4.81026
4.84981
5.05307
4.89361
4.37452
4.51753
4.04094
4.41811
4.73817
4.16825
5.31013
4.56316
4.95771
4.74665
4.90412
4.3415
4.69732
4.94114
4.71503
5.05664
4.94585
5.04815
4.79403
5.04964
3.99297
5.31739
5.10221
4.90958
5.01485
4.44224
4.94236
5.04057
4.85545
4.88979
4.59643
5.21821
4.66036
5.23315
4.8397
4.40289
4.76194
4.94748
4.62297
5.15995
4.28184
4.11729
5.31191
5.17047
5.3085
4.90624
4.54766
4.76427
5.54591
5.44829
5.0928
5.42941
4.59858
4.81835
4.75039
5.12896
4.93994
4.93264
4.77866
5.29
4.31644
4.9876
5.28269
4.66991
4.56303
4.98124
5.21155
4.22837
4.49978
4.57801
4.77618
4.6094
4.93707
5.49543
4.63653
4.71896
4.74026
4.87638
4.50637
5.11958
4.6808
4.12811
4.93439
4.58905
4.9458
5.44111
4.71789
5.31128
5.27566
4.71763
5.15559
5.09842
5.10442
4.69985
4.96945
4.5891
5.2285
4.92065
4.61137
4.62116
4.35906
4.1763
5.1391
5.39632
4.72766
4.4107
5.01081
4.46295
4.97976
5.2923
5.28081
4.84504
4.09089
4.64358
4.83798
5.07027
4.94296
4.52705
4.69885
5.29805
5.11942
5.07986
4.53027
4.90756
4.81909
4.80767
5.04054
4.6362
5.13874
5.18611
4.37754
4.6389
4.12114
4.69395
4.77916
5.10247
4.50096
4.7779
5.24189
4.68909
4.45526
4.92219
4.48113
4.48228
5.15504
4.75712
4.60097
4.32293
5.58874
4.74591
4.82056
5.09801
4.62384
5.1722
5.35627
5.33417
4.58816
4.90155
4.37097
4.11194
5.34387
5.23699
4.89435
5.41072
4.87466
4.43006
5.55414
5.0555
4.84986
4.9236
4.3058
5.22771
4.53357
4.81614
4.6287
5.00771
4.7425
5.41517
4.93285
5.11242
4.26281
5.22788
5.71245
4.96613
4.77639
4.01748
4.96206
5.04462
4.80085
4.78259
4.83754
4.49953
5.1601
4.43058
4.99145
4.9321
4.73738
4.4323
4.88907
5.05427
4.94927
4.64932
5.13917
4.49102
4.80014
5.00246
4.66774
5.10887
4.50484
4.63089
5.03299
5.26099
4.37182
4.50806
5.11649
5.16469
4.573
5.10455
4.74894
5.19872
4.87908
4.80434
4.3516
5.19859
4.69505
4.15558
5.10195
4.17018
4.38286
4.93002
5.04174
4.61214
4.68976
5.05362
4.71321
4.89193
4.66454
4.97694
4.87114
4.89621
5.50046
4.91549
4.70677
4.72287
4.9895
4.72303
4.65177
5.04703
4.5895
4.55875
4.9114
4.59918
4.81607
4.66307
4.86993
5.58065
5.67075
5.07779
4.72035
4.55814
4.31502
5.02625
4.71797
5.14729
4.81438
4.67665
5.40341
5.63036
4.48461
4.82284
5.04969
4.8966
4.9715
5.02273
4.81176
5.48758
5.20681
5.0685
5.18767
4.47247
5.12499
4.12772
5.25946
4.63968
4.86473
3.96277
5.19753
5.15769
5.1852
4.62421
4.63087
5.01705
4.97384
5.30415
4.94365
4.81941
4.57131
4.18414
4.26781
4.9705
5.31971
4.76945
5.58672
5.44321
4.64062
4.8824
5.10389
5.15048
4.65744
4.8111
4.5535
4.79991
5.227
4.67374
5.37157
4.63673
4.76936
4.20895
4.92938
5.01549
4.77128
5.0388
4.94542
4.46054
4.72265
4.83298
4.46413
4.88109
4.95068
4.7647
4.56298
4.61194
4.75802
5.1626
4.49074
5.09454
5.20507
5.27885
4.26904
4.75691
5.36822
5.18716
5.23705
4.72807
5.02208
4.99288
5.45046
5.09428
5.12071
5.42885
4.44805
4.98293
4.69559
5.20465
5.70561
4.59728
4.75961
5.62397
5.2068
4.81692
4.9887
4.828
4.7234
5.68432
5.38838
5.07931
5.26058
4.40041
5.09726
4.52869
4.88608
4.62989
4.72087
4.76058
4.70982
4.49833
4.75972
4.92518
4.71086
4.55736
4.87548
4.70891
4.53058
4.08169
4.48154
4.74573
4.57084
4.66726
4.49801
5.11594
4.44958
4.40535
4.40018
4.238
5.33748
4.59705
4.90133
4.64711
4.66007
4.53567
4.77041
4.69305
4.9588
5.18565
5.13354
5.37478
5.17867
4.86034
5.00061
4.60266
5.47873
4.7832
5.22656
4.7015
5.04069
4.77027
5.11537
4.51143
4.46228
4.48258
5.39223
4.88218
4.6506
4.53305
4.64023
5.32396
5.02472
4.45379
4.79704
4.6634
4.73996
4.74837
4.32749
4.95166
5.04984
4.73598
5.06056
5.62075
4.88277
4.79924
4.8116
4.75035
4.78165
5.43187
5.36788
4.31635
5.18811
4.90604
5.16488
4.88674
4.82102
4.62582
5.09769
4.24409
5.78557
4.35771
4.53922
4.93492
4.58292
4.99903
4.06798
5.0358
4.59777
4.86333
4.8176
4.693
5.3547
4.29143
4.14965
5.06705
4.63349
4.89211
5.07185
4.53571
4.88983
4.56979
4.49184
5.2609
4.8823
5.00721
4.47929
4.70845
5.27061
5.17545
5.14519
5.36988
4.50985
5.37653
5.3067
4.09983
4.80231
4.74166
4.75091
4.63297
4.73987
4.66176
4.78401
5.35752
4.63043
4.97388
4.41868
4.62402
4.34453
4.56022
4.8089
4.37935
5.48737
4.62485
5.07611
4.82755
5.7142
4.4403
5.3565
5.29293
4.57938
5.41802
4.7393
4.85089
5.43279
4.80177
5.30972
4.93601
5.04783
4.983
4.99975
4.91757
4.60401
5.80003
4.5337
5.58218
4.60294
4.47072
4.63096
4.99919
5.48671
5.06645
4.94519
4.426
6.38738
4.88201
5.26802
4.49421
5.24069
5.24942
5.25937
4.45791
4.75796
4.69612
4.43458
5.83401
4.8493
4.45371
4.77329
5.30356
5.16586
4.97972
5.11872
5.0691
4.81402
4.96189
5.06391
4.92318
5.19729
4.38093
5.31528
4.59231
4.31249
4.66802
4.66147
4.98499
5.17391
5.21335
4.67451
5.07673
5.44562
4.42652
5.65137
4.41979
5.1533
4.63239
4.84284
4.90561
5.24831
4.58207
4.43564
4.68407
4.43228
3.96366
4.88687
3.99874
4.69362
4.5084
4.87069
4.59248
5.34508
4.36542
4.89587
4.62454
4.49206
5.04449
4.84835
4.50971
4.56423
4.24039
5.15572
5.03655
4.6846
4.42339
4.79029
4.34293
4.63295
4.53535
5.40314
4.59986
4.6092
5.49619
4.16942
4.36373
4.48659
4.78287
4.54571
5.17336
4.41762
4.89672
4.65285
5.34772
4.17518
4.4865
4.66867
4.80655
5.23929
4.94114
4.30297
4.86775
4.8061
4.54164
5.52884
4.55639
5.2994
4.7445
5.07316
5.00265
4.31969
4.60068
4.35146
5.16823
4.9011
4.63964
4.58875
5.00207
4.48006
4.93357
5.65696
4.65323
4.98192
5.28035
4.83148
5.22357
4.65064
4.67156
5.27574
4.85385
4.37464
4.63542
4.69968
4.25226
4.63974
4.76055
4.48449
4.90746
5.07156
4.919
5.43667
4.63062
4.85925
4.75075
4.50159
5.09073
5.36577
5.31731
4.91375
5.10738
4.37853
4.9465
4.65129
5.52071
4.73896
4.81685
5.05589
4.44971
4.68861
4.58775
5.21713
4.50264
4.63016
5.35659
4.89571
4.77145
4.35581
4.91521
4.75422
4.64383
4.4311
4.87591
5.2794
4.42798
4.54782
4.49421
5.19423
4.88738
4.56254
4.77846
5.10513
4.79426
4.76646
5.56007
4.96232
4.7786
4.93071
5.11491
4.68281
4.5952
4.57224
4.97497
4.67364
5.24061
4.95034
4.82813
4.78781
5.01981
5.1045
4.68709
4.81597
4.98356
5.5297
4.85366
5.10528
4.43804
4.73769
5.01603
4.85128
4.67644
5.06673
4.80338
4.46548
4.84
4.8122
5.09497
4.9827
5.09638
4.90188
4.76733
4.70851
5.40801
4.99119
4.76962
5.61942
5.12191
4.86943
4.04678
5.16373
5.51803
4.77655
4.95852
4.75922
5.07703
4.42729
4.21493
4.68742
5.13028
5.47447
5.23738
4.97847
5.24909
4.77407
4.64311
4.59306
4.8032
5.35135
5.97051
4.9288
4.66181
4.62081
4.78293
5.25188
4.98262
5.19697
5.32117
4.4339
4.88026
4.64692
5.18518
4.35411
4.63382
4.28459
5.22279
4.45648
5.11713
4.79966
4.88011
5.36822
4.71093
4.02968
4.56722
4.992
5.29499
4.59783
4.93837
4.89294
5.02914
4.85344
4.89748
4.72512
4.69231
5.20565
4.53253
4.50345
4.75753
4.38919
4.29502
5.45782
4.70418
4.26529
4.84268
5.53212
5.14121
4.49269
4.94756
5.13276
4.5955
4.88979
4.44239
5.25113
4.80137
5.21097
4.70112
5.08483
4.41339
5.21135
4.98761
5.05856
4.97575
4.94491
5.52525
4.2842
4.92418
4.49709
5.11337
5.2012
5.23352
5.13525
5.06618
4.6182
4.91947
5.04354
4.95342
4.82572
5.15112
5.09482
4.66074
4.3542
4.42672
4.10295
4.68772
5.43446
4.93471
5.1713
4.62948
5.066
4.72509
4.38281
4.98597
4.82071
4.85396
4.51525
4.64075
4.44457
5.2156
4.91232
5.13716
4.8435
4.74217
4.92097
4.65897
4.94314
4.58127
4.35296
5.70423
5.04637
4.59028
4.65531
5.59314
4.91711
5.55783
4.71611
4.86203
5.29851
4.97145
3.94671
4.92614
5.1276
4.70039
5.35626
4.85094
4.57257
5.14898
4.95699
5.38251
4.60546
4.48727
4.86042
4.90308
4.74198
4.9872
5.14876
5.49323
4.54195
5.33136
4.43996
5.04055
4.95075
5.1162
5.23618
5.82287
4.55292
4.34091
4.93234
4.60773
4.67968
4.81207
4.77261
4.92222
4.7202
4.75893
5.08814
4.30155
4.96379
4.8321
4.9403
5.09291
4.873
3.97386
4.64212
5.12404
5.13147
4.76413
4.88843
4.88054
4.91448
5.09073
5.0861
5.04344
5.40835
4.70191
4.40316
5.41777
4.49853
5.54967
4.67494
5.2332
4.75649
4.87784
4.20329
4.59894
4.43815
4.90835
4.53702
4.82371
5.04144
4.7021
4.44196
5.56988
5.30634
5.45771
4.32519
4.37734
4.32249
5.08182
4.57395
4.86632
4.34379
5.45682
4.61981
4.11946
4.76874
4.39332
5.59855
4.88113
4.73271
4.73441
4.66814
4.94747
5.06356
4.30841
4.34746
4.9433
5.61763
5.18891
5.03387
4.91678
4.64696
4.71462
4.86728
5.22217
5.22576
4.17013
5.24579
4.34124
4.81988
5.03632
4.87291
4.93167
5.19367
4.92792
4.64615
5.25114
4.82971
5.18535
5.36729
4.73353
4.53444
4.35414
4.92012
5.10292
5.12577
4.47474
4.81104
5.02154
4.87516
4.84869
4.91516
4.84101
4.5892
5.35136
4.38644
4.8502
4.99909
4.69347
4.80713
4.82647
5.03269
4.84936
5.05726
4.73861
4.75408
5.23914
4.70932
5.53787
5.62657
4.92372
4.4967
4.58985
5.0807
4.8457
5.3897
4.55796
4.43383
4.77197
4.40239
4.53931
5.01706
4.78281
5.39858
4.65957
4.5436
4.94788
4.96195
4.36839
4.16274
4.6731
5.25524
4.77057
4.51494
5.0251
4.81937
4.61055
4.93999
5.13577
4.93733
4.68498
5.25171
4.64563
4.54616
4.7335
5.44617
4.55203
4.403
4.90696
4.81222
5.1521
5.08563
4.90127
5.10347
5.12667
5.23178
4.88206
4.66868
4.59824
4.87335
4.28266
4.66601
4.77768
5.05477
4.66895
5.57198
4.79689
4.84879
4.7326
5.08311
4.61965
4.71249
5.17518
5.09727
4.25441
4.54194
4.47831
4.88704
4.59438
4.75732
4.45604
5.48177
5.15335
5.13449
4.75473
4.5436
4.45581
4.37626
5.1044
4.56616
5.11097
4.31946
4.9201
5.1657
5.03881
5.20853
5.24078
5.42926
4.85781
4.89891
4.80491
5.42388
4.80938
4.61202
4.67416
4.77557
5.45767
4.43975
4.78497
4.55006
4.55577
4.95862
4.72014
5.18879
4.6845
4.67804
4.68424
5.29597
5.352
4.96517
4.94695
4.63456
4.84837
5.49837
6.02382
4.98606
4.86411
5.28961
4.79818
5.14937
4.89663
4.9351
4.40882
5.52379
5.48297
4.71535
4.75529
5.22889
5.01123
5.01784
4.29959
5.10918
5.45614
4.4813
4.89591
4.00665
4.66904
4.3294
4.53892
4.60909
4.3318
4.28899
6.07606
5.32437
5.09927
4.73293
4.42818
5.03397
5.46323
5.92575
4.54067
5.25219
4.27893
5.59794
4.79334
4.73494
4.87005
3.97379
4.92086
4.43477
5.15251
4.65806
4.75115
4.81905
5.1254
4.56438
4.80484
4.48166
5.16114
5.14424
4.77445
4.91418
5.0277
4.82217
5.17274
4.52567
5.24406
5.07847
5.12713
4.91194
4.90984
4.63022
5.39803
4.81914
4.0804
5.71913
4.36839
4.83321
5.05699
4.61169
4.82298
4.26817
4.51072
4.94701
4.80836
5.8005
4.62684
5.395
4.73628
4.78006
5.47087
4.20423
5.03245
5.02525
4.9799
5.38203
4.81595
5.66968
5.2022
4.91506
4.79878
4.70215
4.96733
5.03685
4.73451
5.1555
4.76657
4.84138
5.05955
5.1395
4.678
4.56535
4.64668
5.14322
5.12021
4.47798
4.48304
4.36397
4.5614
5.11597
5.59492
4.8032
4.88199
4.82898
5.46971
4.77389
4.58096
4.51959
4.63934
5.41537
5.02098
5.11884
4.65592
5.2082
4.55037
5.02579
5.09195
4.55457
5.01935
5.26148
5.19356
4.61764
5.27525
4.77682
4.62813
4.29602
5.57934
4.59528
4.96344
4.98991
4.55272
4.38652
5.20395
4.1623
4.6807
5.24407
4.34236
5.0075
5.03658
4.66919
5.21025
5.93881
4.45383
4.7245
4.71768
5.15991
4.5145
4.74057
5.03654
4.46141
5.90717
4.42379
4.94112
4.70231
5.02634
4.67371
5.15637
5.23906
4.8818
4.87426
4.67502
5.19976
5.0123
5.08754
4.74812
4.98651
5.17546
4.89853
4.62825
4.50572
5.23662
5.80231
5.35756
5.22671
4.5269
4.99665
5.33933
5.17832
4.93852
4.20835
5.28028
4.51599
4.70608
3.94651
4.6295
5.11722
4.97853
4.79956
4.76779
4.87579
4.51556
5.02207
5.21415
4.74646
4.70008
4.20029
4.49461
4.41554
4.90605
5.09318
4.66911
5.11808
4.50529
4.6334
5.04845
4.33413
4.98195
5.40291
4.85069
5.51284
4.89095
4.84368
5.28719
4.85515
4.66323
4.925
4.94468
4.37826
4.74318
4.68158
4.62546
4.8368
5.18346
4.63925
5.35091
4.80941
4.57381
5.16891
4.91805
4.86465
4.79446
4.74897
5.44543
4.94876
4.3903
4.77431
5.10078
4.69341
4.97266
4.7548
4.47339
4.8535
5.13155
4.78955
5.65293
5.03248
4.62452
4.728
4.97396
4.5074
4.93791
4.96118
5.10443
5.05189
4.45914
4.40681
4.75889
4.5575
4.9257
4.97057
5.02087
5.4362
5.04939
5.3583
4.62708
5.37905
4.81066
5.10151
5.05318
4.47787
4.81337
4.87082
5.30486
5.09478
4.9596
4.25323
4.32722
4.43677
4.68344
5.39479
5.33067
4.62245
4.84423
5.28318
5.82587
4.81052
4.92776
5.25986
5.17275
5.03805
4.5962
5.72978
4.7919
5.07026
4.77965
5.08876
4.96986
4.63111
4.77431
5.06667
4.72662
4.62985
4.84295
4.80268
5.23689
4.30174
4.69914
5.03641
4.87003
4.13221
4.74889
4.51469
4.6568
4.91673
4.91996
5.01639
4.72739
5.01486
4.5393
4.61323
4.63672
4.74365
4.00254
5.15114
5.39556
4.77724
5.06653
4.12173
4.86195
5.13996
4.54627
4.17174
4.33403
4.40931
4.6668
4.59322
5.14053
4.6308
4.5463
4.24387
5.07715
4.34747
4.7817
4.94612
4.74723
4.32488
4.9437
5.00464
5.14181
5.15168
4.89849
5.29257
5.40662
5.54322
4.68884
4.34416
4.54436
4.20895
5.1801
4.50886
4.3112
4.91736
5.9546
4.53203
5.07406
4.56861
4.79005
5.17075
4.8358
4.7
4.96341
4.72881
4.41096
4.79718
5.04752
5.75369
4.84047
4.59963
5.24403
5.49549
5.52977
4.45416
5.10266
4.59735
4.92907
4.50783
4.41888
5.4022
4.45259
4.42413
4.80714
5.04893
4.07514
4.73021
4.66949
4.46061
4.44205
4.93216
5.00079
5.33899
5.12622
4.92753
5.52956
4.34599
5.20373
4.61856
5.32827
4.43314
4.80159
4.97776
4.66796
4.69753
4.9375
4.66237
4.54602
4.33083
4.46215
4.73171
4.81604
4.64604
4.8297
4.62306
4.19137
4.28661
5.01797
4.87132
5.06151
5.37055
4.62962
4.95412
4.76696
4.16348
5.46985
5.12334
5.19765
5.23804
4.64888
4.16335
4.98048
4.81481
5.22365
4.90155
5.71501
4.97835
4.84181
4.60663
4.84095
4.83472
4.95478
5.69593
4.40076
4.8773
4.8866
4.64838
4.38009
4.33587
4.9871
5.21559
4.6358
4.48505
5.1736
4.51481
4.93166
5.05806
5.54243
5.41629
4.61224
4.72201
4.62166
4.59237
4.51004
4.97358
4.79624
4.57812
4.57426
4.68377
5.16398
4.67979
5.75787
4.46936
4.78064
5.20211
4.90829
5.03373
4.82439
4.83409
4.95309
4.76095
5.23471
4.45709
5.47193
5.07107
5.49673
4.87851
4.83524
4.54824
5.15836
4.34916
4.6332
4.27705
4.56981
4.26955
4.33643
4.73633
5.1294
4.16054
4.82941
4.7715
4.74683
5.26213
4.89178
4.70574
4.86425
4.99571
4.13524
5.53161
4.6083
3.74444
4.8079
4.30243
5.06795
4.58915
4.4773
4.73654
4.93094
5.27337
4.21343
4.56647
4.27683
3.923
4.90507
4.88648
4.73278
5.15369
4.80753
5.34215
5.4996
5.12204
4.29392
4.40155
5.02602
4.31506
4.377
5.08435
5.12806
4.52513
5.17628
5.61776
4.65986
4.27992
4.34355
4.96122
4.92802
5.37546
4.62483
4.49588
4.73203
4.29224
4.83274
5.36905
4.67524
4.63908
4.82048
4.9461
4.2292
4.902
4.39138
4.52487
5.13737
5.17006
4.97331
4.81464
4.80581
4.87202
4.97051
4.90696
4.5744
4.44223
4.72487
4.77852
5.48107
4.41799
5.47379
4.88608
4.85757
5.69083
5.14269
5.35985
4.66397
4.60947
5.21653
4.74074
5.09244
4.27892
4.7063
5.47046
4.30412
5.21594
5.12166
5.56406
5.01326
4.99946
4.79098
4.28653
5.28981
5.10946
4.56486
4.90991
4.911
4.7387
5.02464
4.74006
5.15142
4.95188
4.43121
4.81419
4.79566
5.00898
4.76716
4.67098
4.54504
4.46348
4.67324
5.03902
5.02243
4.62834
5.02967
4.30576
4.89341
5.38187
4.86201
4.6838
5.36899
4.37244
4.69723
4.18289
4.72011
5.18751
4.59767
4.49404
4.995
5.11546
4.82592
4.71641
4.74242
4.60256
4.67177
4.79822
4.81851
5.01662
4.48752
4.93555
4.84311
4.57433
4.78135
4.86026
4.48769
4.53037
5.25459
5.36986
4.54821
5.41474
4.37971
5.48556
4.4492
4.72567
4.66301
4.63107
4.98227
4.7003
4.64504
5.06932
4.70524
4.99938
4.51153
5.00109
4.4533
5.41564
5.32014
4.51323
5.04846
4.8511
4.44758
3.83706
4.78734
5.08157
4.88682
4.13988
4.94193
4.89319
5.1893
4.71505
5.08433
5.65565
4.84366
5.38922
4.72886
4.80599
4.19737
5.31522
4.46866
4.55409
4.91356
4.92485
5.43358
4.58688
4.73983
4.90476
5.48348
5.80051
4.52424
4.28622
4.38551
4.38159
4.30982
4.46005
4.81823
4.34091
5.19404
5.07163
4.90284
4.76246
5.31178
5.5396
4.72705
4.2321
5.30898
4.64573
5.09179
5.12087
4.86664
4.41898
5.08054
4.90487
4.92095
4.52687
4.92013
5.2966
5.32243
5.04083
4.96992
4.59713
4.70549
4.60119
4.85175
4.77403
4.6145
5.36338
4.71992
4.19958
5.03484
5.47659
5.20728
5.09028
4.95566
4.48763
5.21218
4.81512
4.959
5.20451
4.40036
4.55035
4.5489
4.648
5.19821
4.92837
4.91031
5.07161
4.56188
4.9909
4.33526
4.75377
4.49816
5.17143
5.13501
4.70235
5.24335
4.97358
4.9412
4.48278
4.99227
5.18177
4.88174
4.43478
4.81986
5.00554
4.67084
5.04825
4.61016
4.51956
4.44653
4.59643
5.10882
4.78358
4.86724
5.0182
5.17488
5.2141
4.6437
4.4349
4.49232
5.07982
4.90856
4.51081
5.29407
4.86694
4.71535
5.22418
4.42961
4.31501
4.84484
4.70223
5.24909
5.03673
4.78273
4.38498
4.6244
5.45899
4.45826
4.4548
5.04786
4.80203
4.60897
4.64207
4.73219
5.20411
4.76165
5.19587
4.3071
4.9055
4.70594
4.62965
5.19163
4.47356
4.66726
5.1235
4.6577
5.18501
5.06422
4.8176
5.11781
4.84123
5.25005
4.64032
4.42966
4.61258
4.42501
4.36038
5.08901
5.23741
4.59899
5.26482
4.57965
5.14319
5.61396
5.23825
4.85344
5.29363
4.74503
5.07824
5.07494
4.99911
4.73763
5.29722
4.98754
4.96589
4.40254
4.97774
4.70266
4.79914
5.0775
4.22461
4.3691
5.30274
4.48902
4.59869
4.3624
4.83531
4.83498
4.79386
5.17215
4.6376
4.37077
5.24608
4.63623
4.66679
4.39229
4.38684
5.24712
5.04215
4.8377
5.21907
4.64008
4.69006
4.75134
4.65746
5.28862
4.81166
4.72732
4.80418
4.82358
4.55038
4.731
4.61623
4.42731
4.25717
4.35614
4.88221
4.39443
4.47799
5.10953
5.09664
5.12044
4.69343
4.83908
4.78397
5.18801
5.39601
5.34917
4.80032
4.80938
5.136
4.58479
4.50067
5.23318
5.01674
5.10967
5.57099
4.23603
5.23617
4.26974
4.89659
5.075
5.08192
4.61324
4.81978
4.81631
5.06402
4.84832
4.87812
5.08113
4.75981
5.00744
4.4175
4.5459
5.06099
5.3722
4.396
5.02969
4.10518
4.98134
5.17709
4.56233
5.21289
4.46347
5.29423
4.87252
4.22912
4.60501
4.72792
4.25941
4.19946
5.15241
4.48349
4.45544
4.50278
4.24947
4.94617
4.98179
4.5257
4.4512
5.3366
4.45511
4.55321
4.98168
4.70024
4.93098
4.78928
4.87573
5.30614
4.66415
5.20092
4.38692
4.89983
4.60447
4.2683
4.1045
5.36808
3.846
4.37113
4.58649
4.67214
4.52692
5.00472
4.9317
5.32589
4.96141
4.82321
4.80531
4.92308
5.0782
5.23212
4.68969
4.93903
4.96888
4.72044
4.48661
4.44273
5.32032
3.99192
4.34803
4.83983
5.00995
4.20809
5.27402
4.81565
4.68315
5.3658
5.47998
5.16088
5.27462
4.67366
4.55774
5.167
4.62375
4.28094
4.87368
4.80291
5.06537
5.37241
4.23249
5.1366
5.10297
4.21075
4.80151
5.39519
4.75808
5.14857
4.54008
4.35218
4.89401
4.86964
4.86051
4.44781
4.42198
5.26347
4.53345
4.9328
6.00981
5.5197
3.91614
4.56343
5.41894
4.85133
4.40426
5.20753
4.57189
4.45027
4.50853
5.01786
4.92557
4.99087
4.51531
4.93786
4.58767
5.67711
4.80695
5.00724
5.10022
4.39938
4.62572
4.98966
4.87737
4.69585
4.64742
5.21721
4.4919
4.62995
4.97367
4.24142
5.27556
4.27961
4.48501
4.9587
5.0485
5.43314
4.71918
5.29153
4.95198
4.47061
4.61558
5.04435
4.68243
4.68792
4.91608
4.87946
4.87369
4.68865
4.48096
5.33436
5.14115
4.98282
4.70679
4.29479
4.64295
4.59817
5.06345
5.02383
4.45734
5.75606
4.94842
5.20913
4.91112
4.37601
4.30393
4.48028
4.4987
4.78728
4.48677
5.07445
5.22386
4.48001
5.6059
5.11269
4.22409
4.53302
4.97894
4.12853
5.17386
4.80031
4.13698
4.93157
5.09864
4.74643
4.60455
4.29101
5.08222
4.83108
4.87034
4.9782
4.7271
5.29805
4.77472
5.15706
5.13357
4.77405
4.53888
5.03357
5.12528
4.85837
4.4097
4.73461
5.16447
4.95516
4.89414
5.19943
4.62614
4.85489
4.88792
4.85454
4.59779
5.11003
4.71504
4.54663
4.90749
4.06928
4.87494
5.29232
4.93409
4.66329
5.01646
5.04661
4.67753
4.58339
4.7008
5.35478
4.62013
5.38752
4.35403
4.78607
4.732
4.25408
4.63495
4.76041
4.59041
5.02899
4.30552
4.70056
4.87025
4.43318
4.88049
4.40615
5.4746
5.07383
4.839
4.53111
4.43889
4.36303
4.5295
4.48818
4.20264
4.98602
4.2721
4.58848
4.82969
4.84365
5.37256
5.20513
4.87718
4.75615
4.65137
5.26226
4.76922
4.97186
5.12427
5.05449
5.09877
4.99742
4.27979
4.93958
4.8862
4.35713
4.793
4.84084
5.32435
4.44896
4.94886
4.84388
4.71421
4.71758
4.45248
5.0593
4.69571
5.23448
5.17768
4.84121
4.81825
5.19693
4.88578
4.81749
5.09756
4.72515
4.54791
4.99989
4.29133
5.03492
4.7314
4.52945
4.52882
5.18129
4.95771
4.95051
5.10956
4.42591
5.26612
5.13716
5.14142
4.72
4.88502
4.85181
4.61624
4.52483
4.6194
4.93777
4.72963
4.80576
4.52675
4.69012
4.64438
5.04728
5.09897
4.94783
5.07858
4.86075
5.36095
4.97951
4.89692
5.12307
4.55785
5.5056
4.70727
4.03655
4.73847
4.94864
4.52719
5.11765
5.06063
4.94492
4.68222
4.61869
4.67863
4.60618
4.67103
4.6031
5.31236
5.53273
4.70486
5.04074
4.78307
4.38213
4.63757
4.89006
4.36364
4.67895
4.29218
4.59446
4.78813
4.82215
4.8479
4.24921
4.30568
4.55369
4.80318
4.9651
4.6385
4.81942
4.69768
4.92363
4.93634
4.56554
5.08006
4.68717
4.54133
4.29179
5.10846
4.87484
4.5864
5.16347
5.2314
4.7678
4.65947
4.47878
4.8487
4.98236
4.81514
4.83149
5.14435
4.8144
4.74445
4.12214
5.1834
4.71852
4.91879
5.84688
4.8312
5.23421
4.37923
4.95844
4.51754
5.08917
5.28445
4.20068
4.86853
4.43146
4.99746
4.65022
5.08957
5.60483
4.94307
4.41618
4.88751
5.58384
4.67668
4.16929
4.87488
4.62855
5.15071
4.83229
4.40981
5.36222
4.6433
4.72603
4.71617
5.0838
6.01745
4.57143
4.6752
4.65987
5.02262
4.50482
4.70806
4.07093
4.73295
5.12204
5.11571
4.93024
4.66846
4.53771
4.54489
4.45671
4.96717
4.87768
4.8508
5.39315
4.84886
5.22038
4.68629
4.76688
5.01937
4.68695
5.12101
4.08611
4.67345
5.2655
5.0491
5.13726
3.78848
4.6101
4.90804
4.73369
4.29196
4.85297
5.44367
4.63794
5.1293
4.86948
4.74236
4.53503
5.3952
5.19581
4.80216
4.84151
5.39517
5.08411
5.07523
5.37378
4.92423
5.25329
5.09012
4.92135
4.81561
4.40836
5.28896
4.15971
5.03558
4.35997
5.09608
5.13135
4.64066
5.14056
4.78038
4.13735
4.49361
4.59597
4.81768
5.29101
5.13181
5.07339
4.98388
4.70266
4.7174
4.24355
4.7327
4.57876
5.15601
5.44957
4.90373
4.87138
4.85241
5.17128
5.25132
5.04128
5.19336
4.57766
4.64845
5.20794
4.88264
4.8224
4.62953
4.52579
4.72301
5.84779
4.91533
4.9024
4.53162
4.93167
5.58425
4.70758
4.64908
5.05517
5.00128
4.7398
4.65499
5.06793
4.80463
4.15412
5.55636
5.04357
5.2507
4.5916
4.66367
4.5513
5.03218
4.85369
5.05181
4.62622
4.39937
4.7835
4.58003
4.95371
4.6708
4.79844
5.07012
4.98425
5.26506
4.83934
4.74134
4.39967
5.29677
4.42672
4.79287
4.94618
4.35726
4.9512
4.74886
5.02183
4.37886
4.86415
5.12964
5.17244
4.88131
4.41961
4.51066
4.89484
4.64269
5.48439
5.23582
5.02756
5.27314
4.85556
4.45484
4.13642
4.62966
4.64752
5.74663
5.40102
4.94457
5.31446
4.423
4.38536
4.15642
4.64002
4.46265
4.46143
4.71737
4.49729
4.3722
4.91782
4.80428
4.59143
4.61229
4.98176
5.41406
4.92386
4.72637
3.97602
4.24929
4.79144
5.03084
4.98401
4.39722
4.64501
4.4543
4.24028
4.58394
4.6291
4.7549
5.09266
4.3587
5.27379
5.1168
4.7418
4.60437
4.96058
4.40767
5.05084
5.20365
4.22327
4.29061
4.57128
4.46511
5.06442
5.07351
5.03625
5.27891
5.4197
5.17906
4.99437
4.29526
4.70135
5.20679
4.85416
5.32105
5.1158
5.07439
5.58312
4.53938
4.22308
4.94764
5.14931
4.54522
4.69968
4.45999
5.6298
5.14021
4.57809
4.48854
5.05081
4.39639
5.13464
4.9789
4.17232
5.09435
4.09272
5.11478
4.9923
4.73805
4.41131
4.49873
5.43956
4.59025
4.85648
5.21718
5.13769
5.47076
4.7502
5.13553
4.59783
4.63954
4.776
4.70384
5.23719
4.44427
4.89228
5.05996
5.45274
4.93339
5.31594
5.13067
4.59382
4.38856
4.75546
4.66505
4.91905
4.45337
4.85196
5.11707
4.65265
4.92742
4.27198
4.81792
4.85907
4.77118
4.91654
4.93852
5.10083
5.35172
5.2145
5.78489
4.44693
4.90539
4.2431
5.16885
4.9855
4.93114
4.86599
5.20369
5.07891
5.40837
5.21786
4.53723
4.77438
4.46453
4.69987
5.0034
4.50598
5.01893
4.70663
4.76625
4.81929
4.80754
4.55475
5.25948
4.71653
4.88571
4.79284
4.72342
4.81588
5.00127
4.89338
4.70941
5.10084
4.6497
5.01222
5.45029
5.09574
5.32226
4.59889
4.41364
4.49441
4.34622
5.37986
5.39431
5.29918
4.75687
4.76424
4.54253
4.54993
5.05413
4.31563
4.86357
4.32594
5.2779
4.68828
4.72612
5.03066
4.31583
5.12005
5.44398
5.47544
4.13038
5.15587
4.87514
5.24712
5.19325
4.78965
5.06194
5.01556
4.21016
4.96701
4.96801
5.02461
4.70487
4.68092
4.67165
4.34763
4.81165
4.52927
4.72936
4.62234
4.07086
4.79211
4.93258
5.22942
6.33727
4.82843
4.53149
5.18077
4.7379
4.85339
4.81956
5.23085
4.21845
4.94725
4.43894
4.52621
4.58084
5.09088
4.65446
5.24851
5.45187
5.06969
5.05994
4.75278
4.54596
4.39747
4.67102
5.154
4.44956
4.72539
5.14954
4.49824
5.1735
4.96947
5.06042
5.44779
4.39482
4.31562
4.78152
5.13935
4.83794
5.49093
4.21233
4.57427
4.70189
4.62938
4.63294
5.26044
4.50328
4.07309
4.87597
4.20782
5.37459
5.06954
4.69128
5.05048
4.81884
5.63471
5.04163
5.5906
5.10396
4.67621
4.45275
4.56275
4.31839
4.85103
4.6493
4.93978
4.41253
5.02957
5.10255
4.98441
5.56665
5.18874
5.18184
4.91507
4.89485
4.629
4.92156
4.57907
4.88352
4.86571
4.93648
5.02856
4.83675
4.25317
5.00545
4.72838
5.29758
4.9175
5.50413
5.51568
4.59877
4.84128
5.0311
4.95827
5.05207
5.10024
5.37565
4.81321
4.39958
4.45599
5.3096
4.98627
5.08831
4.46648
4.62939
5.3393
5.14397
4.82467
3.78826
4.44889
4.32398
4.83544
5.53758
4.14965
4.83382
4.62723
4.91478
5.10604
5.0138
5.27667
4.70455
5.0527
4.92278
4.31402
4.44845
5.01477
4.89264
4.7398
4.74503
4.60229
5.05465
4.67963
4.21416
5.11632
4.66645
4.27173
4.62864
5.38482
5.03419
5.1759
5.0238
4.89771
4.67493
4.77011
4.71911
5.05772
4.13871
4.54009
4.79695
4.87727
4.78944
4.78687
4.45632
5.22341
4.58271
4.47524
5.54719
4.49318
4.87955
4.83893
5.3297
5.41538
5.18059
4.78162
4.59455
4.55118
5.22843
4.89234
5.48866
4.74851
5.1208
4.81677
4.84342
4.93384
5.32444
4.73517
4.65226
4.8486
4.37057
5.03017
4.84316
4.88032
4.82349
5.11839
4.7736
4.73315
5.31022
4.67003
5.11015
5.0856
5.19891
5.73228
4.90368
4.87295
4.69702
4.21078
5.02185
4.85065
4.72473
4.56968
4.89445
5.43734
4.70723
5.01516
5.16444
5.25135
4.5247
4.03701
5.38546
4.03563
4.83933
4.64375
4.94666
4.42859
4.962
5.75737
4.29113
4.50891
4.86924
5.19147
4.51743
4.75291
4.67587
4.83052
4.93749
4.74057
4.81708
4.79381
5.11108
5.02327
4.43626
4.53567
4.62774
5.35218
5.11854
4.72181
5.35431
4.92212
5.167
4.95595
5.50344
4.60705
4.27497
4.88884
5.04508
5.21962
5.37164
4.51528
4.66551
5.03374
5.09863
5.5205
4.80308
4.69711
5.55897
5.06249
4.95342
4.59822
4.44499
4.76063
4.84033
5.13349
4.95718
5.13943
5.47688
4.73142
5.01395
4.55103
4.74441
4.68459
5.72539
4.75789
5.05901
4.83212
4.93474
5.1223
4.61857
5.14326
5.34611
4.75733
5.08872
4.51245
5.09974
4.46852
5.51773
5.12454
4.77175
4.82999
4.52228
4.45203
4.80313
4.78752
4.50902
4.72069
4.32946
4.40763
5.25528
4.38546
4.87782
5.05859
4.8342
5.48609
4.40136
4.85467
5.11291
4.8007
5.3699
4.70545
4.51979
4.65734
4.51557
4.58652
4.71792
4.27085
5.22563
4.74121
4.70155
4.88455
5.17392
4.8823
4.80151
5.06313
4.63833
5.1333
4.89959
4.66621
4.66571
5.01081
4.89289
4.19522
4.47296
4.83772
4.76906
4.61763
5.25527
5.15572
5.01691
4.35214
4.8193
4.44841
4.78299
5.00641
4.93417
5.02648
5.06915
5.07349
4.14746
5.14237
5.22489
5.10032
4.96075
4.62001
4.26765
4.74255
5.13087
4.09131
4.7014
5.18479
4.2017
4.96299
4.38226
5.35976
4.43893
5.3788
5.11202
4.96622
5.17605
4.84966
4.73623
5.10211
4.86242
5.15687
5.04105
5.50651
4.46724
4.98069
5.33813
4.45561
4.59711
4.76936
5.00171
4.43398
5.12687
5.21851
4.78573
5.24012
5.00505
4.87598
4.49676
5.11953
5.40393
4.87354
5.10009
5.24138
4.75356
4.60298
4.87571
5.26584
4.33589
4.50253
5.11689
5.29947
5.175
4.40388
4.6772
4.72805
4.96212
4.95067
5.036
4.30804
4.56657
4.87843
4.8272
3.94807
4.77761
4.86988
6.12297
4.79952
4.85874
4.39855
4.46549
4.3945
5.01701
5.13551
5.12938
5.42573
5.29624
4.34789
5.10558
4.97839
4.97781
5.36908
4.84892
4.85728
4.65009
4.78371
4.70065
4.6722
4.08396
4.48877
5.25071
5.15652
5.01197
4.70373
5.21896
5.05011
4.36542
4.80197
4.62936
4.59048
5.22794
4.77288
4.84007
4.51914
4.76947
5.06039
5.02384
5.10744
5.05331
4.82643
4.89767
4.98481
4.48859
4.98031
4.68748
4.62845
5.06148
4.51098
4.57829
4.74767
5.04836
4.72306
4.65021
4.49562
4.94077
4.7795
4.94287
5.01168
5.15758
4.62176
5.13739
4.82954
4.77055
4.87543
5.29118
4.55182
4.57141
5.09253
4.99617
4.65246
4.93457
4.18509
4.7977
4.95554
4.80313
4.54235
4.74442
4.86027
4.89642
4.50419
4.58014
4.6401
5.05711
4.80849
5.33247
5.42094
4.14422
5.34267
5.28873
4.50136
4.83212
4.88727
5.12348
4.4448
5.25686
5.28119
5.00792
4.80051
4.81811
4.62351
5.03323
4.52824
4.89298
4.64501
4.32484
4.74701
4.71507
4.85797
4.98498
4.86773
4.57411
4.37954
4.69399
4.95542
5.31402
4.8403
4.61625
4.56395
5.42978
5.58545
4.425
4.95485
5.23969
4.84859
4.94988
4.52854
5.09333
5.346
4.91099
5.12861
5.125
4.75335
4.38696
4.23424
4.79097
4.73687
5.08872
4.78888
4.66993
5.06689
4.5404
4.82715
5.02971
4.82045
5.03558
4.2832
4.78627
4.96778
4.74058
5.15493
4.71028
4.78283
4.07472
5.06055
5.42636
5.23655
5.26341
4.67652
4.24402
4.84109
5.13661
4.9806
4.64647
4.86265
4.12453
4.68303
4.48584
4.53965
4.44114
5.23473
4.62796
4.90764
4.88614
4.34441
3.83142
4.73844
4.9616
4.40359
4.48433
4.88961
4.67229
4.4916
4.71759
5.40469
4.58636
5.27494
4.55689
5.00242
5.1265
5.2132
5.14521
5.42929
4.61422
4.83995
4.82098
5.2781
4.3646
4.59211
4.95118
5.58262
4.2509
5.46582
4.6862
4.98563
5.10463
4.98665
5.2036
4.78572
4.04004
5.40495
4.57362
5.05375
4.88893
5.4819
4.78326
4.58645
4.81283
4.69988
5.24568
4.95934
4.45639
5.03573
4.50816
4.82916
5.11756
5.03009
4.60444
4.8619
4.42384
4.89904
4.84549
5.58794
4.42447
5.03386
4.40511
5.06763
4.42406
4.96961
4.78388
4.71085
4.75964
4.38029
4.7357
4.89219
5.24924
5.21039
5.01605
4.74546
4.75439
3.93409
4.70868
4.40184
4.57124
4.88441
4.51982
4.5702
4.5481
5.23465
4.66989
4.77178
4.60799
4.83843
5.42863
6.30137
4.98287
5.52419
4.99383
5.45635
4.69365
4.73132
5.56624
4.42407
4.87594
5.234
5.38151
4.44886
5.50983
4.62624
5.29555
5.11552
4.54997
4.9107
4.57897
5.07074
4.74611
4.38226
4.82287
5.31344
5.00515
5.11928
4.45654
5.25729
4.52605
4.60021
4.96146
5.88509
4.56912
4.67208
5.34254
5.18376
5.47471
5.11568
4.98464
4.88295
5.07513
4.50158
4.58597
5.01631
5.02171
5.15074
5.46275
5.06678
4.69519
4.77133
4.39464
5.05891
4.74341
4.43755
4.9262
5.11303
4.60027
5.1124
4.62708
4.67464
4.63429
4.20924
4.496
4.77871
4.14031
4.72906
4.55799
5.17126
4.4726
4.58581
4.33031
5.37633
4.96113
4.54714
4.14121
4.63755
5.14241
4.64427
4.817
4.81063
4.6591
4.46919
4.96992
4.57808
4.43595
5.18708
5.52438
4.72667
5.08518
5.06591
4.99806
4.65222
4.78864
5.14362
4.69691
4.80555
5.04606
4.6948
4.2774
4.88283
4.40176
5.4011
5.58261
4.91777
4.68215
4.74522
4.52501
4.34722
4.80145
4.3816
5.14924
4.53313
4.52935
5.21358
4.77039
4.95741
4.57942
5.01368
5.81413
4.17028
4.54856
3.87399
4.48754
4.47526
4.80509
4.4234
5.10003
4.58824
4.68677
4.26998
4.03989
4.93241
4.93644
5.08394
5.10286
4.8227
4.90905
4.47169
5.1806
5.28809
5.36038
4.70271
4.75118
4.53732
4.85699
4.04347
4.53402
5.11889
5.08689
4.6621
5.19726
5.03304
4.70315
4.9128
4.94542
4.00306
4.7682
5.08927
4.57823
5.13139
5.27391
5.13223
4.82339
4.91091
5.03155
4.92509
4.6942
5.28537
4.47465
5.16683
4.92978
5.12146
5.06545
5.40868
5.22443
4.68874
4.7985
4.80606
4.78946
4.81948
4.51999
4.78323
4.66114
4.81923
4.91569
4.70926
4.61882
4.88711
4.95385
4.11521
4.7829
5.56757
4.27722
4.11296
4.58107
4.99158
5.12544
4.94727
4.48417
4.99691
4.64447
4.79416
4.91112
5.09125
4.68511
4.70408
4.8002
5.17756
4.2448
5.04167
5.1471
4.41361
4.67553
4.3708
4.93821
4.55816
4.79922
4.82644
5.19631
4.59338
4.40909
4.75481
5.31581
4.79801
5.1967
5.03786
5.0725
4.29267
5.33068
5.23473
5.39903
5.34495
4.53751
4.8687
4.38005
4.54082
4.1281
5.22175
4.42997
4.87044
4.14731
5.43501
4.69629
4.97992
5.58826
4.67844
4.24063
4.93765
4.82763
4.86022
5.13356
4.79982
5.09759
4.82566
4.77081
5.81325
4.97535
5.19441
4.23889
4.28341
5.45388
4.68774
5.3867
4.44248
4.67696
4.95887
4.3506
4.41866
4.49902
4.79276
5.53245
5.07749
4.75095
4.71102
4.73777
4.96903
4.67079
4.8297
4.74384
4.42827
5.03794
4.91342
5.27741
5.05095
5.31657
4.49713
5.12421
4.43781
4.8431
5.21636
5.14143
4.68845
4.46889
5.43632
4.94714
5.01439
4.42298
4.65467
4.9528
4.9714
5.3932
5.65978
4.41915
4.73093
5.0464
4.36898
4.67302
4.85753
4.94208
5.11339
4.71538
5.34183
5.02731
4.45635
5.05906
4.47459
4.08594
5.05266
4.74147
4.74963
4.69162
4.90512
4.52599
5.27187
4.75071
5.13115
4.7058
4.87317
4.56636
5.52795
4.80458
5.05806
4.63281
4.98144
4.44586
4.07506
5.08645
4.69507
4.9104
4.72847
4.50108
4.71837
5.27907
5.83997
4.76149
4.9026
5.83465
5.0597
5.09857
4.22726
4.72351
5.10895
4.58687
5.20722
5.53347
5.17932
5.13164
4.69352
5.04593
4.86748
4.70246
5.04168
4.87461
4.72812
4.77259
4.46347
4.62384
4.49784
4.80174
4.85898
5.00449
5.34774
4.84599
5.12083
4.97061
5.04309
4.79511
4.782
4.74864
5.58105
4.4529
5.15726
4.94
4.7504
4.02278
4.93647
4.65415
4.4175
4.76126
5.61821
5.71502
4.85242
4.63405
4.63286
4.84067
5.04794
5.04444
5.47747
5.37272
5.20704
4.02321
3.97363
4.54504
5.06528
5.50475
4.38184
5.40661
4.71927
4.9064
4.83963
4.97447
5.18962
4.72919
4.93461
5.40284
4.4355
4.32139
4.83702
5.38801
4.87404
5.5937
5.24389
4.6509
4.88028
5.10194
5.09746
4.55157
4.63803
4.50916
4.1575
4.59529
4.6386
4.15911
5.46977
4.31007
4.41328
4.54966
4.48061
4.68834
5.19509
4.39507
5.33826
4.8887
4.32869
4.82265
4.81217
3.82024
4.55413
4.9396
4.82725
4.83167
4.93697
4.94608
4.51224
4.40593
4.53949
4.80718
4.79527
4.43399
4.92796
4.68359
4.99448
5.67574
4.56973
5.00762
4.75712
4.71529
4.45036
5.16179
4.82557
4.41254
5.26804
4.77292
5.24602
5.08347
4.63279
4.96441
5.10053
5.31475
4.64811
4.96609
4.69981
4.80642
5.4825
4.85354
4.54143
5.38711
4.80429
4.29684
4.62909
4.93369
4.89251
4.86421
4.46309
5.25247
5.46015
4.43128
4.38221
4.96536
5.13355
4.29142
5.38171
5.57925
4.37561
4.7241
4.9559
4.46411
5.08305
5.23951
5.31658
5.77944
4.52098
4.79688
4.85512
5.0126
5.06508
5.20627
4.34866
5.24894
4.96494
5.18243
4.54041
5.18867
5.12405
4.99893
5.33432
4.54784
4.39866
5.26397
4.41543
4.78548
4.7328
5.02983
4.77176
4.88138
4.78788
4.26967
4.48133
4.64584
4.47712
5.01057
4.74478
4.79264
4.50671
5.1594
5.11772
4.85338
5.20631
4.60404
4.61354
5.22654
4.79056
5.26748
4.76068
4.23241
4.42864
4.65241
4.97988
4.49874
4.9534
4.81086
5.11212
5.09449
5.34568
5.03212
5.34414
5.60873
5.05552
4.7014
4.79639
5.52953
4.93071
5.28526
4.91102
4.6569
4.87596
4.89939
5.28506
4.83723
4.73123
4.81876
5.29277
5.22674
4.76711
4.90908
4.95086
4.7604
4.24935
4.47578
4.45575
4.92172
5.02086
4.5171
4.6231
5.40275
4.9118
4.78095
4.94175
5.32067
5.2862
5.79129
4.35172
4.38162
4.74718
4.31049
5.23216
4.72609
5.26696
4.76975
4.98787
5.47876
5.0501
4.83036
4.55165
5.02776
4.91475
4.83714
5.18912
5.06921
4.62317
4.29182
4.75902
4.92551
4.53819
4.33672
5.18425
5.08328
4.82941
4.36084
4.77543
4.95874
4.91771
5.94351
5.00795
5.39673
5.1154
5.59959
5.10445
4.59464
5.02795
4.80041
4.77688
4.64515
5.01487
4.11937
5.37988
4.2393
4.85465
5.3085
5.21552
4.35621
5.5871
4.57514
4.74236
4.84759
4.83701
5.08642
4.85518
4.82653
4.26662
5.03521
5.35342
4.64576
5.38681
4.66845
5.37535
5.67629
4.6352
4.82959
4.99491
4.6086
5.1042
4.89997
5.31008
4.66809
5.0624
4.63449
4.94434
5.52224
4.57084
4.33347
5.49776
4.79019
4.4702
5.0448
4.40758
4.21117
4.79259
4.81034
4.70461
4.44049
4.79082
4.90224
4.92559
5.03666
5.32372
5.20642
4.80682
4.84502
5.25439
4.79042
4.8456
4.93734
5.09847
4.44493
4.65986
5.12323
5.77388
4.7096
4.71624
4.48609
4.68236
4.12282
4.3269
4.98351
4.94785
5.03002
4.65455
4.61212
4.69317
4.80712
4.16091
4.0511
4.28794
4.93873
4.49835
4.71148
4.62776
4.65743
4.64019
4.94198
4.83639
5.68583
4.95681
5.41979
4.78099
4.82534
4.62032
5.06919
4.69719
3.95212
4.68674
5.23275
4.61802
4.69411
4.54122
5.11388
4.40048
4.63016
4.53665
4.95488
4.81764
4.80655
5.35767
4.63496
4.53631
5.71652
5.37951
4.8953
5.6294
4.55841
4.64344
5.0684
4.37312
5.08941
4.55716
4.74767
4.74812
4.62644
4.91611
4.65717
5.25217
4.67726
4.51253
4.49704
5.06403
4.69874
4.59366
4.37319
4.90894
4.61371
4.99758
4.65309
5.55082
4.53205
4.75016
5.37238
4.71539
4.81472
4.10276
5.39538
5.29442
4.89174
4.5884
4.85876
4.66475
5.68737
4.58682
4.87019
5.17734
4.43557
4.49214
4.51393
4.80398
4.80058
5.37279
5.37715
4.82799
4.48186
5.05701
4.48384
5.04004
4.50411
4.65872
4.19882
4.59027
4.84236
4.73112
4.77899
3.61115
4.72901
5.14212
4.44406
4.62517
5.25132
5.1711
4.8117
5.13475
4.85289
5.05286
4.56191
5.05591
4.39199
4.8226
5.0356
4.9333
4.77199
5.07029
4.42935
4.83231
4.89765
4.77943
5.58489
4.66752
4.973
4.58105
4.70412
5.15205
4.60775
4.97399
5.02526
4.19099
4.66261
4.89398
4.94073
5.06278
4.68501
4.60573
4.94174
4.77206
4.65886
4.63326
5.08391
4.67335
4.18826
4.91932
4.5735
4.44142
4.96912
5.10866
4.46959
4.46612
4.56248
4.47797
5.05423
4.55245
4.22842
4.38878
5.10423
4.08057
4.95903
4.0368
4.64907
5.71519
4.58102
4.45145
4.58146
5.61007
4.75245
4.22326
4.94153
5.30044
5.56686
5.00313
4.73382
5.22198
4.89251
5.12698
4.4454
4.61063
4.69127
4.33089
4.32803
5.0911
4.89689
4.60643
5.25453
4.89975
4.58667
4.80751
4.67979
4.90537
5.10283
4.74958
4.71207
4.45931
4.46117
4.66503
4.46751
5.40576
4.09282
4.74159
4.93897
4.54962
4.2152
4.62182
4.68392
5.4274
4.80552
5.73229
5.68945
4.47796
4.90591
5.11748
4.64797
4.5105
5.02207
5.2496
5.26567
4.84029
4.73976
4.96258
4.65708
4.30491
5.11664
5.08678
4.95378
4.35634
4.54921
4.20922
4.8756
4.78794
4.27495
4.77339
4.64867
4.89396
4.61697
4.47286
4.62638
4.89837
4.61786
4.63991
4.78026
4.80604
5.07901
4.80796
4.56967
4.59466
5.09229
5.31108
5.13076
4.83423
4.78646
5.1653
4.49032
5.30485
4.96704
5.31384
5.43625
5.07657
4.54203
4.89291
4.55233
4.88631
4.60926
4.44245
4.32286
4.3736
4.80072
4.89146
5.14774
4.97805
4.588
5.04819
4.51962
4.37302
4.69743
4.99363
4.89994
4.80266
4.31279
5.23622
4.67797
4.92021
4.65959
5.49719
5.21252
4.74262
4.7025
4.6409
4.81628
4.90233
5.06387
4.64043
4.77041
4.70152
5.02879
4.85834
5.12144
5.34301
5.03782
4.17605
5.64741
4.59357
4.94531
5.40287
4.23518
4.23794
5.17823
4.39051
4.42431
6.15799
4.95677
4.57832
4.35853
5.15726
4.35096
5.19854
4.99787
5.06538
4.89589
5.06342
5.07655
4.59491
5.53425
4.49871
4.98931
5.22165
5.97022
4.61587
4.92202
4.59461
4.94639
4.77886
5.00435
4.53627
4.48544
4.37988
4.91206
4.87761
5.56681
5.1414
4.70633
4.72934
4.72181
4.39819
4.40458
4.46074
4.18222
4.05194
4.55242
5.0652
4.88731
4.75614
4.61423
5.42257
4.78306
4.60666
4.19057
4.95352
4.93646
4.64306
5.09657
5.31703
4.85359
4.42909
4.63143
4.26629
5.10402
4.77455
4.52009
5.01289
4.71085
5.0533
4.5429
4.8143
4.97203
4.39792
5.3244
4.9682
4.56065
5.02282
4.38355
4.976
5.15146
4.81029
4.80865
5.0169
4.56473
4.54314
4.1448
4.70158
5.31545
4.78224
4.07113
4.48838
4.77187
5.68924
4.52119
4.76312
4.6358
4.49843
4.0933
5.38069
4.85949
5.15929
5.40997
4.4396
4.98203
4.80005
5.619
5.20912
4.1697
5.15533
4.64968
5.76599
4.506
5.00625
4.7018
4.70404
5.95711
4.72443
4.49929
4.4227
4.85327
4.52308
4.79014
5.4118
4.96789
5.67933
4.38583
4.60075
4.68748
4.95993
4.81613
4.69109
5.25348
4.68816
4.6613
4.55668
5.03001
5.13963
4.71023
5.43188
4.59597
4.57858
4.89179
4.90913
4.95633
4.32183
4.2004
5.41776
4.76255
4.68524
5.73749
4.54229
5.04671
4.84399
5.127
4.81041
4.64815
4.31631
4.54437
5.06234
4.72541
4.70827
5.10088
5.23211
4.99935
5.14637
5.12973
5.28971
5.34869
5.07124
4.56844
4.49978
4.66271
5.29242
4.88531
4.84568
4.55597
5.79623
4.40509
4.43893
4.0462
4.92794
4.73455
4.13938
4.24877
4.77933
4.91375
5.24525
5.02826
4.92412
4.60736
4.9124
4.74295
5.44861
4.06526
4.90428
5.20071
5.13176
5.35943
5.14929
5.27665
4.73197
5.20258
4.51802
4.73144
4.71969
5.34965
4.61202
4.78333
4.77507
4.61406
4.61084
4.7757
5.16299
5.04345
4.99965
4.6856
4.12103
4.55566
4.43089
4.3782
4.65554
4.20968
5.02298
4.90508
4.96595
5.11677
4.5088
4.76641
5.03125
5.41833
4.64525
5.09515
4.64378
4.86651
5.20473
5.53456
4.85237
4.20821
5.23059
4.99916
5.48172
4.87987
4.84297
5.09709
4.32845
4.34245
5.23353
4.15776
4.43248
4.41987
4.63949
5.68059
5.12559
5.66967
4.82331
4.80371
5.06051
4.5396
4.27876
4.56577
4.09792
4.75929
5.11339
4.63923
5.24429
4.95293
4.38741
4.98594
4.71217
4.75782
4.6432
5.14053
5.12175
5.30627
5.02918
4.87323
5.10297
4.67449
4.47938
4.4533
4.86285
4.67985
5.28051
4.56334
5.21345
5.18744
4.83288
4.54071
4.38253
4.70179
4.56412
4.55144
5.19955
5.03541
4.37117
4.7253
4.7756
4.44587
4.69248
5.51146
4.66928
5.27745
5.55947
4.32939
4.82508
4.96516
5.05121
5.42855
4.65253
5.26254
4.85604
4.89538
5.16571
5.15509
4.74498
5.08063
4.60994
4.66061
4.55782
4.50427
4.70357
4.25476
4.88555
5.02265
4.90284
4.98173
5.0419
4.76798
4.9201
4.52814
4.44858
5.04678
4.30566
4.51779
5.30196
4.62756
5.37936
4.08965
5.28574
4.67985
4.88873
4.80723
4.50941
4.53109
4.99476
4.87661
4.5276
4.76787
5.16205
4.2992
4.63551
4.24855
4.539
4.78332
4.73368
4.63534
5.41222
5.08489
4.34993
4.87764
5.45889
5.19988
4.39667
5.00273
5.31726
5.07453
5.28295
5.27581
4.54393
4.8789
4.22714
5.20733
4.93808
4.20551
4.88077
4.51644
4.97032
5.22718
4.28749
4.62089
4.85932
4.52263
4.54253
4.85387
5.07311
4.80977
4.52955
5.01603
5.21517
5.50861
4.88802
4.85409
4.31108
4.95028
4.92193
5.0858
4.43761
4.36221
5.15241
4.53966
4.60953
5.5092
4.56831
4.57491
5.06612
5.54731
4.70828
4.2487
4.67265
4.61137
4.59542
4.69427
4.55509
4.59274
4.79433
4.42474
4.53281
5.12991
4.71031
4.48193
4.48523
5.67269
4.55466
5.23642
5.03653
4.6332
5.01268
4.2521
5.07541
5.61185
4.45349
4.88681
4.69765
4.45436
4.89042
4.51948
4.2196
4.80896
5.042
3.94517
5.16424
5.19079
4.4878
4.08029
4.28861
4.59588
4.88941
5.06424
4.46776
4.5673
4.92183
4.61235
4.53375
4.27935
4.59608
5.75837
4.37047
5.02484
4.60361
4.7282
4.59663
4.77015
4.82372
4.62194
4.652
4.81578
4.95223
4.92628
4.84684
5.21485
4.44135
4.89015
4.83832
4.59883
4.40589
4.96193
4.59405
4.65035
4.45695
5.25912
4.6831
5.15394
5.3767
5.25996
5.25378
5.55083
5.18707
4.88927
4.69385
4.66573
4.78228
4.93792
4.79383
5.05359
5.14291
5.01896
4.72324
4.71426
4.46801
4.87336
5.48343
4.82175
4.79786
4.60786
5.33732
4.67932
5.01645
4.956
4.83496
5.0517
4.24866
4.94431
5.73144
4.98588
4.72726
4.55222
4.72455
4.70754
4.83665
5.87273
4.2489
4.5452
5.0907
5.12338
4.71886
4.69437
4.55032
5.41785
5.64731
4.69873
4.52793
4.93271
5.1329
4.56568
5.34353
4.67954
4.81057
5.033
4.40907
4.63817
4.71131
4.43753
4.83875
4.96368
4.89907
4.72281
5.36793
4.71283
4.73093
5.37965
5.00804
4.81159
4.52716
4.65548
5.29975
5.18654
4.44611
5.1534
5.14884
4.48247
4.45401
4.84889
4.7793
5.25473
4.46702
4.12615
4.69675
5.14242
3.84511
4.2578
4.56503
5.11722
4.95165
5.21788
5.35013
4.44722
4.45689
4.50766
4.82406
4.98798
4.63539
3.9685
4.48696
4.32412
4.36743
4.2209
4.90663
4.78398
4.84341
5.3658
4.16973
4.80932
4.77118
5.28684
4.92013
4.80532
5.48988
4.9197
5.1553
4.47392
4.8404
5.39064
4.73368
4.3758
5.12342
4.30916
5.02161
4.81716
5.25173
4.93794
5.03432
5.00444
4.86216
4.29741
4.94955
5.09857
4.59398
4.86328
4.91356
4.73563
5.01616
5.10971
3.75779
4.20813
5.34401
5.08295
4.94024
4.86012
4.35235
4.90813
5.12498
4.6765
4.97378
4.84307
4.82707
4.70789
4.57013
5.07102
5.32817
4.64601
4.42523
5.1751
5.04219
4.82482
4.63501
4.3432
4.56079
4.53198
5.57847
5.14188
4.50446
4.67595
6.07597
5.14612
4.16712
4.42175
5.05501
4.15917
4.42239
5.20115
4.95028
4.41184
4.76933
5.82598
4.78783
5.50407
4.35171
4.81259
4.13145
4.85
4.6494
4.35574
4.72031
5.39089
4.75394
4.44843
3.94301
4.44244
5.74719
4.66239
4.59623
5.62337
4.58662
4.72825
4.85377
5.44145
4.40371
4.80189
4.38197
4.54566
4.86582
5.11183
5.41717
4.15246
5.116
4.41766
4.37861
4.63976
5.26813
4.71115
4.29907
4.86314
5.03266
4.72555
4.24206
5.50065
4.33396
4.97634
4.6409
5.54228
4.51064
5.076
4.81355
4.69853
4.73402
4.74935
4.78022
4.99126
4.69507
4.9923
4.86716
4.69692
4.79198
4.72311
5.15234
4.54195
4.76148
4.96407
4.87804
5.09198
4.87852
4.91877
5.0179
4.4016
5.67189
4.64272
4.39187
4.61577
4.43513
4.888
4.34271
5.21418
4.49585
4.18512
4.59266
4.95802
4.83068
4.92521
4.65333
4.71414
4.5947
3.82707
4.80462
4.72945
5.08069
4.04344
4.76433
4.57733
4.99932
4.82168
5.0321
4.86335
4.72683
4.48851
4.33021
4.82797
4.91202
4.34879
4.78464
4.23586
5.24311
4.99939
4.64873
4.77624
4.97815
5.09503
4.8048
5.13933
4.86744
4.7521
4.66202
5.02826
4.96953
5.55576
4.69664
4.24166
4.54634
4.44175
4.99565
5.28162
4.82898
4.69483
4.5401
4.72513
5.16292
4.72593
4.81329
5.00707
5.20848
5.63705
6.03521
4.875
4.917
4.30294
4.27194
4.38196
4.89386
3.92317
4.72767
5.12505
4.61477
5.41938
4.82845
4.49012
5.11873
4.99361
4.91046
4.6146
4.9155
4.53993
5.26015
5.18076
4.80314
4.76106
4.78532
4.72823
4.71448
5.19658
4.98097
5.11871
4.26227
4.68681
4.51945
5.0569
4.82521
4.308
4.89815
4.56309
4.73167
5.21584
4.46759
5.03494
4.71082
5.07897
4.6259
5.35649
4.62727
5.12048
4.05762
4.50945
4.77487
4.40026
5.03533
4.17235
4.27304
5.0775
5.14302
4.70451
4.82659
4.88976
5.00389
4.6102
4.67751
5.0229
5.0983
4.80267
4.96663
4.59637
4.70311
4.32436
4.94219
4.5837
4.8197
5.20639
4.46343
4.43139
4.64447
4.67344
5.05198
4.84696
4.63293
4.842
5.27752
4.43197
4.56328
5.20366
4.94762
4.4146
5.1015
4.95912
4.72565
5.89639
4.90546
5.07632
4.87676
4.85388
4.28525
5.34994
5.32934
5.0231
4.484
4.7913
4.96364
4.71329
5.03702
5.11549
4.89905
5.67696
4.39407
5.40316
5.08303
4.01084
4.31757
5.01029
4.83416
4.40465
5.20754
4.88669
5.07648
4.91401
4.35778
5.06377
4.83933
5.78586
5.08612
5.03252
4.83418
5.10999
4.40754
4.77294
4.22547
5.18044
4.73329
4.75169
4.6889
4.76245
4.76213
4.25347
5.88636
4.66418
4.90827
4.67473
4.9453
4.70109
4.89179
5.28519
4.9175
4.86293
4.54502
4.46056
4.46066
5.51431
4.43949
4.97985
4.5472
4.62147
4.56838
4.95072
4.88883
5.24509
4.51441
4.95404
4.32989
4.91412
4.39144
4.95282
3.9076
5.246
4.861
4.39791
4.5741
5.13286
4.18581
5.09266
5.20621
4.91063
4.98767
5.44803
4.84591
4.88589
4.61281
4.50739
5.28962
5.42264
4.75512
5.06198
4.99414
4.8152
5.35072
5.17458
4.64335
4.7996
4.67965
4.75102
4.28389
4.39569
4.75945
4.64971
5.39376
4.97446
5.05606
5.45976
4.77689
4.56493
4.96522
4.70074
4.05948
4.71992
5.08157
5.0782
5.23447
5.0312
5.19961
4.67622
4.68266
4.27826
5.04317
4.84655
4.56388
4.83471
4.8383
4.66872
4.55477
4.53871
4.66937
4.32007
4.81634
5.19147
4.91027
4.86817
4.61446
4.67644
4.10861
4.83414
4.43726
5.3003
4.67053
5.30528
5.01964
4.82259
4.34621
5.11675
4.79664
4.52346
5.26864
4.72032
4.82044
4.52677
4.6295
5.12919
4.68737
5.46151
4.55754
4.97098
4.69389
4.86107
5.03236
5.09353
4.50299
5.57026
4.67461
4.62424
5.1024
5.52945
4.9685
5.23287
4.53276
4.45756
4.76623
4.83538
5.1676
4.89829
4.49997
5.25058
4.93678
5.13933
4.25485
4.81474
4.39659
5.73323
5.02694
5.24513
4.56119
4.23828
4.86968
5.22403
4.58975
4.71963
4.62602
4.56113
5.43587
4.64643
4.43422
4.85751
4.84149
4.72281
4.77993
5.3789
5.14999
4.6173
4.75574
4.44874
4.93553
4.63892
4.76855
4.96528
4.55679
4.39465
5.19116
5.08497
4.94426
4.495
4.86645
4.75313
5.64248
4.54986
4.42352
4.58027
4.44127
3.9602
5.0335
4.55663
5.23422
4.72753
4.80505
4.84889
4.66117
5.01497
4.19732
5.21297
4.78582
5.01071
4.63708
4.9691
4.62781
4.93243
5.0243
4.997
5.46598
4.57022
5.44153
4.90947
4.56139
4.60949
4.59735
5.22015
5.14024
4.34528
4.66162
5.18192
4.32189
4.59367
4.63728
4.82085
4.47366
4.66357
4.63771
4.61744
5.23371
4.51288
4.47726
4.9986
4.81301
4.91957
4.81646
4.89218
5.27788
4.37124
5.03825
4.46814
4.33734
4.76009
4.65666
4.5908
4.55062
5.26772
5.27133
5.14203
4.73111
4.7208
4.37005
4.27438
5.05811
4.47233
4.898
4.62732
4.69695
5.16543
5.20576
5.01519
4.19015
5.19402
4.53876
4.3946
5.10257
4.6121
4.61626
4.51909
4.76211
4.7023
4.50194
4.65434
4.39945
4.5144
4.48223
4.48813
4.70448
4.3609
4.23437
5.35698
4.43541
5.03305
4.2667
4.42218
4.77395
5.43194
5.03726
3.92882
5.43472
4.89171
4.71511
4.50099
4.77562
4.38243
4.80841
5.04157
4.6052
4.41657
5.03247
5.48334
4.61474
4.51486
5.2002
4.87275
5.49874
4.86445
4.82396
4.77686
4.92281
5.10616
4.96208
5.04911
4.11671
4.49392
4.83855
4.81426
4.72525
4.90592
4.47004
4.56548
4.82583
4.80928
4.77777
4.83845
5.19768
4.15069
5.086
4.82838
4.90621
3.76647
4.69914
4.24863
5.29923
4.82099
4.71659
4.34615
4.7719
4.51041
4.99978
4.99948
4.9738
5.23385
4.15902
5.52112
4.7003
4.88511
4.38329
4.40835
4.83194
4.63821
4.9057
5.20614
4.53224
4.70246
4.99928
5.10995
5.5392
4.54442
4.86439
5.10978
4.77513
4.53024
4.06582
4.5408
4.51064
5.0775
4.78791
4.69994
4.7947
4.86366
4.7254
5.02796
4.61365
4.06087
4.73853
4.57988
5.36697
4.8317
4.87129
4.59164
4.09713
4.57697
5.55316
4.9165
5.60958
5.52864
4.84902
5.00446
4.75904
4.33164
5.10012
4.99337
5.09597
4.4192
4.92255
5.01945
5.30544
4.52388
5.32539
4.1572
4.33698
3.96209
5.16821
4.93562
5.36805
4.64822
5.70439
4.68155
4.90436
5.13551
5.15046
4.88061
5.08857
5.06378
4.91689
4.80984
4.8756
5.34833
4.68701
4.75509
4.21671
4.54751
4.67164
4.13756
4.28621
5.12777
5.14408
4.69038
5.10319
5.39988
4.90769
5.52601
5.02437
5.43852
4.54337
4.3211
4.78796
4.69413
5.11837
4.11526
5.00095
4.09503
4.96645
5.31647
5.48674
5.12562
5.14937
4.54367
4.94402
5.03192
5.52264
4.84401
5.80551
4.47864
4.53523
4.83909
4.39336
4.64663
5.08649
4.54224
4.51255
5.28658
5.38397
4.39829
4.49046
5.19814
4.62906
5.14529
5.25987
5.02847
4.68956
4.95615
4.57422
4.84913
4.9156
5.11804
4.98636
4.972
4.86193
4.59001
5.14257
4.66161
5.0492
4.80899
4.80798
4.59829
4.53398
4.8989
4.33269
4.99187
5.17003
4.37389
4.53262
5.58661
4.85563
4.81084
4.8531
4.32018
4.91349
4.55144
4.69437
5.02199
4.99687
4.25379
4.69355
4.94778
5.17859
4.30796
4.91779
4.61789
4.53885
5.3042
4.84818
4.84811
4.43392
4.50294
4.53993
5.20785
4.70464
5.43388
5.02078
4.77075
5.36817
4.26804
4.65583
4.16331
4.42595
5.08204
4.73258
4.37951
4.73156
5.18405
4.47203
4.33246
4.66032
4.9453
4.6464
4.75523
4.09809
4.47168
4.77658
5.11754
4.76479
4.34586
5.60181
5.02756
4.37932
4.37769
4.80865
5.19072
4.43997
4.85052
4.31544
4.38957
4.72472
4.83664
4.88486
4.80536
4.52718
4.91854
5.07014
3.89674
4.36907
4.78776
4.72895
4.47827
5.13615
4.95048
4.69795
4.56713
5.52912
5.09568
4.52636
4.83547
4.14855
4.80416
4.78106
4.62691
4.9625
5.11124
4.76723
4.92192
4.91212
4.72171
4.35071
4.74929
4.32181
5.09548
5.32667
4.73574
4.89905
4.6022
4.97701
5.58917
4.95495
5.23367
4.37859
4.59694
4.31512
5.04977
5.3096
5.16139
4.78215
4.98999
4.82982
4.21311
4.10141
4.96225
4.6562
4.91814
4.85133
4.39785
4.94761
4.76903
4.61341
4.80691
4.51817
4.89984
4.79309
4.43991
4.92327
5.33677
4.9595
4.73362
4.56504
4.33248
5.01368
5.2568
4.44653
4.92556
4.7728
4.83514
4.62516
4.71865
4.65081
4.44645
4.70807
4.46637
4.32692
4.77452
4.59141
4.72546
4.87588
4.85723
4.53407
5.26039
4.77082
4.25561
4.46824
5.81989
4.2864
5.01636
4.87889
5.28084
4.5143
5.1654
4.90954
4.73434
5.27056
4.73262
4.81537
4.68726
4.76187
4.03842
4.46145
4.881
5.2713
4.70672
4.58439
5.09861
4.05576
4.74585
5.13228
4.69941
4.16263
5.06198
4.69113
4.10933
4.71891
4.4567
4.73636
4.61679
4.61964
4.90251
4.58783
4.67449
4.66486
5.32527
5.03288
4.50475
4.84356
4.35246
4.62394
4.79858
4.96563
5.30366
5.18599
5.0626
4.96683
4.75057
4.62808
4.60155
4.97051
5.08127
4.79222
5.10019
4.57893
4.75598
4.45822
4.96359
4.3649
4.60631
5.17578
4.66721
5.09503
4.26754
4.50772
5.06156
4.63589
4.04264
4.7502
3.96055
4.85266
5.31006
4.63838
5.36269
5.30749
5.05544
5.03249
4.39006
4.32663
4.52224
5.27331
4.24829
4.48802
4.89486
4.41131
4.74283
4.79404
4.8882
4.81436
4.41528
4.98602
4.20022
4.84779
4.84028
4.58004
5.21114
4.83157
5.01375
4.74124
4.37271
4.77501
4.83174
4.95664
5.10178
4.56897
4.85278
4.47067
5.33616
4.93722
4.19186
4.74232
5.06986
4.80726
4.8381
5.23461
5.19305
5.36332
4.67907
4.80302
4.74069
4.85802
5.22135
4.49059
5.6754
4.89068
5.18912
5.12429
4.46943
4.36111
5.21855
4.2194
4.51206
5.16101
4.59139
4.7513
5.20682
4.84938
4.77065
4.49656
4.4833
4.56456
4.80015
5.23858
5.47422
4.81295
4.86063
4.38483
5.59791
4.57217
5.34417
4.86362
4.74485
4.63946
4.6758
4.8289
4.71929
4.70691
4.54179
4.82246
4.37912
4.36162
5.20433
4.30729
4.97693
4.57261
4.74321
4.62801
5.16372
5.58861
4.81009
5.33734
4.66714
4.12049
4.91476
4.99727
4.70983
4.31356
4.88611
4.41665
4.91318
4.82061
4.62583
4.98487
4.29384
5.05512
5.16989
4.95982
4.77035
5.05086
4.44191
4.39979
4.13289
4.71486
4.47074
5.08229
5.18911
4.71784
4.52505
5.12477
5.31703
4.71181
4.652
5.0855
5.02148
4.8103
4.43097
5.22923
4.62
4.55668
4.78839
4.79651
5.1574
5.20003
4.22735
5.49884
4.81888
4.47181
4.36367
4.36458
5.28247
5.31254
4.59935
5.34507
4.75911
4.2703
4.2376
5.28325
3.95675
5.4268
5.13581
4.63265
5.08914
4.9865
4.50036
4.98757
4.22683
4.84002
4.82115
5.17227
4.75895
4.44807
5.1831
5.1058
4.66695
4.43244
4.64409
4.74182
4.63272
4.28044
5.5458
5.17471
5.04743
4.13599
4.78936
4.595
4.54454
5.59532
4.21931
4.82535
4.83076
5.28823
4.96284
4.75385
4.74217
4.86257
4.25596
4.29255
5.26286
4.58622
5.19073
5.22292
4.69317
5.48351
4.53533
4.61982
5.10656
4.36821
4.72657
4.3579
5.4162
4.68726
4.7792
4.24153
4.9374
5.17348
5.17776
5.36839
4.39188
4.12601
4.49541
4.8959
5.09019
4.64162
5.11235
5.02851
4.69123
5.45826
4.62558
4.47591
4.7043
4.50294
4.94428
5.49736
4.91081
4.26818
5.20693
5.61092
5.00372
4.84408
5.44618
4.60873
4.749
4.58076
4.52639
5.08907
4.96792
5.22459
4.54919
4.70066
4.31024
4.4307
4.78226
4.98798
4.49812
5.53505
4.8935
4.63997
4.47686
4.36167
4.63297
5.01645
5.27094
4.72937
4.76483
4.69756
4.96541
5.2777
5.57501
4.14531
4.58082
5.08185
4.89701
4.93383
4.78666
5.00685
4.16765
4.20194
4.93623
4.91582
4.38122
4.77789
4.75882
4.81808
5.48013
5.10414
4.5618
5.08503
4.61492
5.05642
4.93159
5.1246
4.71835
4.84873
4.02055
4.31334
4.87285
4.8823
5.29169
4.19218
5.18201
5.29624
4.47858
4.25226
4.43486
4.46842
5.12574
5.10735
5.70897
4.9946
5.05196
4.20392
4.70971
5.0438
4.5858
4.87969
4.65144
4.99102
5.7927
4.69823
5.61778
5.1213
4.25486
4.73761
4.6751
4.81269
4.54942
5.47073
4.93802
5.05242
4.65736
4.66332
4.46674
4.7297
4.84261
4.70813
4.28118
4.7701
4.24676
4.56782
5.1302
5.32965
5.08532
5.14181
4.89807
4.94482
5.08149
4.47654
4.60887
5.35761
4.82077
4.82225
4.73968
4.50446
5.42722
5.24507
4.72439
4.93102
4.79806
5.10977
4.9723
4.61537
5.35405
4.8146
4.73148
4.61661
4.97029
4.77563
5.28228
4.21439
4.037
4.92117
5.03373
4.41964
5.09055
4.71357
4.26471
5.13269
4.64798
4.86802
5.07724
5.05447
4.66893
4.8527
4.73423
4.90131
5.27775
4.65067
5.33654
4.65697
4.97852
5.06683
4.44045
4.66187
4.8347
4.60731
4.75093
5.67442
5.04615
5.0777
4.30308
4.41087
4.79603
4.65291
5.13454
4.58932
4.70878
4.87339
4.50226
4.94635
4.62576
4.82034
4.63816
5.01511
4.59537
4.36754
4.84267
5.27712
4.58821
5.12338
5.39363
4.84823
4.81757
5.25348
4.55743
5.13448
5.00824
5.14009
4.50717
4.61342
4.75373
4.59472
4.74352
4.57101
5.14049
4.89698
4.98924
4.66577
4.72184
4.69275
4.45374
4.89823
4.74117
4.38178
4.94907
5.15945
5.19181
4.58086
5.28988
5.20745
4.73397
4.63231
5.48795
4.54563
5.24457
4.70908
4.29916
4.7111
4.9611
4.40408
4.48949
4.572
4.79209
4.71373
5.05627
5.24846
4.44394
4.40759
4.81258
4.95026
4.46553
4.39581
4.72211
4.71994
4.53867
5.07475
4.65678
4.60434
5.2205
5.00355
5.72848
4.37306
5.04717
4.87984
5.00519
4.88732
5.34537
4.53682
4.53781
4.46541
5.04435
5.35669
4.18782
4.82376
5.09151
4.81009
4.79739
4.78205
4.43409
4.60066
5.09988
5.33107
4.85051
4.31958
4.70593
5.05502
4.44972
4.83041
4.84386
4.22052
4.75675
5.07771
4.98018
4.8868
4.87661
5.02723
4.52354
4.79812
5.08959
5.13178
4.70218
4.36739
4.28119
4.82568
4.76253
4.76685
4.587
5.03964
5.21953
4.62793
5.23791
4.65855
4.87531
4.9374
4.45389
4.35514
4.65276
5.21782
4.94382
5.52167
4.97417
5.74481
4.58733
4.5876
4.78774
4.23867
4.85944
4.76615
4.59283
4.64635
5.88571
5.31177
4.63791
4.88498
4.56507
4.79808
5.4662
5.13705
4.38587
4.86131
5.3491
4.52904
4.54016
4.79495
5.10843
4.65019
4.55688
4.10386
4.80621
4.96289
4.52214
5.08267
4.30818
4.93153
4.31406
4.42165
4.52118
4.82935
4.04727
4.42771
4.76282
4.45061
4.4631
5.27184
4.79284
5.24726
4.90707
5.26474
4.94478
4.80527
5.00995
5.32675
4.66688
4.80091
4.15837
5.08492
4.48972
4.70843
5.00307
4.77588
5.10953
4.37223
5.16543
4.60902
5.09352
4.81223
4.2688
4.37991
4.312
4.89004
4.88306
4.52477
5.07973
5.05184
4.81133
4.7077
4.25222
4.72194
4.98167
4.67485
3.84138
5.08314
5.58099
4.32609
4.40305
4.54013
