16.4806
10.1376
7.70093
8.39726
8.19952
7.96436
7.98452
7.82259
7.4498
7.84585
7.14112
7.09082
7.76321
7.50175
8.31841
8.38479
7.27465
7.38042
7.02008
7.38348
7.20385
7.66811
6.21642
6.52714
7.40657
7.22525
7.4743
6.37979
6.53851
6.36056
8.26546
6.69332
6.84179
7.1843
5.62591
6.49828
6.76068
6.50609
6.16903
6.20121
5.89128
5.30952
6.04427
6.9445
6.36446
5.56343
6.20673
5.61213
6.48197
5.80691
5.97463
5.81918
5.98081
6.75715
5.2469
5.90113
5.57513
5.71971
5.03281
6.27623
5.44222
6.12113
5.74106
5.67529
5.47928
5.72568
5.50375
5.99536
5.85002
6.19557
6.28943
6.37622
5.75169
5.58904
5.87261
5.88911
5.74383
5.57074
5.29515
5.53829
6.40773
5.57561
5.79945
5.56308
6.09412
5.22996
5.91597
5.99834
5.43726
5.79613
5.61302
5.78426
6.16179
6.04858
6.29941
5.62225
5.98886
5.67362
5.0458
5.47817
5.28161
5.57042
5.30403
6.02963
5.74665
5.40476
4.83704
5.4842
5.45533
4.84606
5.16767
5.35244
5.21831
5.72727
5.71041
5.15361
4.96523
4.74914
5.19395
5.6256
5.55353
4.99751
5.48394
5.06999
4.9818
5.36181
5.52054
5.94333
5.12288
5.38211
4.77093
5.45295
5.98224
4.87849
5.50243
5.35584
5.23215
5.12841
6.00689
4.96594
5.27158
5.54087
6.40828
5.85125
5.6013
4.77134
5.06608
5.04986
5.10926
5.25258
5.58388
5.00184
5.49977
5.26263
5.32755
5.28163
5.53665
5.1258
6.52708
4.83981
5.34008
5.71999
5.53471
5.42327
5.30455
5.45802
5.50149
4.95249
4.92771
4.91945
5.23241
5.41367
5.39056
5.53248
6.18004
5.23818
5.37018
4.80457
5.02102
5.59428
4.85206
4.85856
5.72614
5.38892
5.25826
5.2753
5.28621
4.89639
4.695
5.26164
5.30322
5.45453
5.67266
6.08273
5.10061
5.74304
4.89711
5.02187
5.15811
5.43945
5.11889
4.65091
5.22932
5.65618
5.46066
5.41707
4.96946
4.92457
5.63982
5.15054
5.08848
4.47514
5.31846
5.36047
5.57334
5.88065
4.35589
5.70308
5.04972
4.80796
5.29448
5.18389
5.1331
5.03258
4.96756
5.48155
5.98818
5.20697
4.83584
5.55082
4.96448
5.91384
5.14445
4.98224
4.88653
5.64019
5.00944
5.25849
5.14608
4.67399
5.04085
5.24967
5.92473
5.39966
5.20256
5.21516
5.01451
5.58606
5.3726
4.62003
4.957
4.94285
5.91895
5.16567
4.76123
5.06772
5.65017
5.59964
4.80384
5.74998
4.67472
5.12765
4.56637
5.64082
5.3529
4.90205
5.83632
5.71704
4.8898
5.0592
4.72126
4.60733
4.92409
5.04876
5.02349
5.55075
4.80095
4.88833
5.17118
5.01143
5.08669
5.61313
4.86666
5.25026
5.15472
5.43323
4.52696
5.2815
5.11826
4.97536
4.95928
4.62106
5.48405
5.06982
5.06969
4.88431
4.87499
5.15245
4.63261
5.79609
5.0556
5.06554
4.71098
5.03031
5.1909
5.26552
4.98394
5.16094
4.78147
4.88931
5.23115
6.02828
4.83347
4.83493
5.06565
5.48862
4.93128
5.11012
5.26765
5.29275
5.09177
5.3659
4.59337
5.50009
5.87244
4.9341
5.56622
5.24429
5.00866
5.91816
4.93603
4.90026
5.58177
4.91953
4.88436
5.00924
4.85967
5.26778
4.93443
4.11514
4.63321
5.28541
5.4046
5.41302
5.0112
5.08757
4.80284
4.85952
4.77555
5.14405
5.00349
4.65532
5.28161
5.04534
4.35865
5.04735
5.3322
4.90468
6.17302
4.75249
5.1488
5.63534
5.61642
5.20023
4.88449
5.13733
4.69427
5.50655
4.58189
5.27002
5.20195
4.80275
4.80447
4.99857
5.17459
4.9228
4.8744
4.93539
4.66699
4.73969
5.3934
4.98458
4.4963
4.92737
5.32382
5.60015
5.37713
4.99769
4.85043
5.21096
4.85927
5.25785
4.98302
4.96558
5.18158
4.96263
5.01308
5.34122
5.26958
5.09948
4.68015
4.61579
4.78084
5.03927
5.31804
5.56326
4.96979
4.95873
4.73402
5.53812
5.08709
4.85231
4.94686
5.18697
4.985
4.49374
5.06808
4.62719
4.85654
4.54176
5.02297
5.09101
5.54399
5.38702
4.88879
5.23134
5.34394
4.86083
4.87843
4.2431
4.87997
4.53115
4.95175
5.2989
4.69282
4.85023
4.81455
4.80663
5.68071
4.65473
4.76087
4.90199
4.71566
5.70107
5.11997
5.43353
4.61778
5.48337
5.24179
4.87028
5.6009
5.44029
5.4237
4.82796
5.00602
5.62216
4.88909
5.22396
4.68174
4.92399
4.86435
5.17994
5.02523
5.11073
5.07451
4.87776
5.46252
4.50957
4.86868
4.66108
5.41268
5.63488
4.7464
5.0113
5.22544
4.90294
4.54538
4.91392
4.82936
5.18283
5.43632
5.66568
4.65854
5.28595
4.69243
5.88259
4.47687
4.99518
5.1614
4.93886
5.41998
5.12925
5.09752
5.34945
4.93924
4.82896
4.75369
5.04838
4.92364
5.8636
4.7533
4.59937
5.14185
5.02818
4.81694
5.32457
5.25497
4.95726
4.64492
5.06825
5.02717
5.28663
4.79696
4.8837
5.2698
5.00558
5.48228
4.20196
5.11289
5.80054
5.78628
5.21845
4.95424
5.05423
4.33719
4.59929
5.92534
5.1138
4.87947
4.85405
4.65471
4.81806
4.98807
5.20034
4.95063
5.28035
5.08824
5.92039
5.12683
5.03076
4.77362
6.13669
4.08113
5.01603
5.6492
5.73612
4.30641
5.1902
5.25475
4.91287
4.98255
5.24247
4.98302
4.66367
5.21082
4.90808
4.74123
5.13471
5.17832
4.27009
4.77315
5.10182
5.8815
4.64682
4.68542
5.30631
4.49767
4.53335
4.99749
4.69931
5.06782
4.87776
5.31628
4.67874
4.84925
5.20186
4.67667
5.07453
5.28569
5.45777
4.93507
5.09724
5.30704
4.6674
4.6618
4.71718
5.02308
5.06128
4.64601
4.53078
4.83652
4.69515
4.38579
5.1298
4.42923
5.35198
4.94328
5.11249
5.66481
4.60804
4.81062
5.2835
5.76555
5.36672
5.19369
4.77849
5.08863
5.21167
6.17391
5.07536
4.96152
5.35539
5.5419
5.20745
5.0971
4.6091
4.49412
5.21444
5.67452
4.77304
4.48965
4.56118
5.4933
4.62378
5.01116
4.77173
4.55486
5.30739
4.62701
4.88826
5.2036
4.75984
5.95168
4.86004
5.53583
5.15973
5.11403
4.87848
4.74551
4.84689
4.82039
5.42529
5.06216
4.6754
5.23473
4.72612
4.7731
5.50892
4.95571
4.96596
5.1634
5.29759
5.27121
4.49246
5.30031
5.47676
4.21646
4.76877
4.83509
4.79987
4.97255
5.33086
4.75046
4.3934
5.36966
5.89809
4.75977
4.7685
4.97216
4.92658
5.04164
4.68563
5.03797
4.79908
5.24583
4.99813
5.03596
4.52369
4.65696
4.63226
5.16694
4.2353
5.27537
5.06948
5.53324
4.68439
5.14042
5.21021
4.70739
5.18184
5.26355
5.81026
5.09809
4.48726
5.15161
5.44828
4.57554
4.62779
5.39427
4.89154
5.43579
4.84897
5.3002
4.80856
5.40154
5.25613
5.38935
4.6074
4.73134
4.95461
4.84498
5.51554
5.19469
5.10895
4.60828
5.17698
4.87624
4.78199
5.99605
4.82526
5.02526
4.57513
5.05369
4.54519
5.02503
4.80636
5.12221
5.27181
4.94168
5.52535
4.38094
5.13456
4.66076
4.88274
4.73848
4.84404
4.97184
5.36421
5.03265
4.85466
5.3989
4.6039
4.49048
4.5025
4.63931
4.92527
4.79809
5.40248
4.79849
4.52157
4.76533
4.34735
4.37947
5.74204
4.68747
5.04911
4.79925
4.26136
5.52701
5.07575
4.25885
5.08933
5.99876
4.84712
4.45362
5.02613
4.69461
4.49294
4.32699
5.48872
5.17463
5.36068
5.65994
4.85824
5.09491
4.7737
5.03878
5.56194
4.87235
4.63075
5.06686
4.61314
4.3109
4.90292
5.25677
5.08959
5.2402
4.64215
4.74375
4.71274
5.27681
4.46623
4.77022
5.05952
4.81277
4.88036
4.77034
4.94841
4.89768
4.68129
5.33796
5.55107
5.87901
5.04869
5.22548
4.22668
4.55399
5.0884
4.54859
4.32384
4.77527
5.7766
4.46408
4.7836
4.76188
4.99305
4.84367
4.65146
4.27907
5.61969
5.54216
4.94241
5.47202
5.08978
5.49391
5.56276
4.96888
4.71156
5.17715
4.47311
5.10333
5.03992
4.7078
5.40167
5.34447
4.6849
4.95623
4.78489
5.08717
5.70279
4.75827
5.34429
4.51348
5.5883
4.54036
4.93059
5.21646
4.99144
4.89133
4.84717
5.35695
4.74493
5.02835
4.54374
5.20752
4.86805
4.49852
5.05066
4.87602
5.06181
4.94842
4.59781
4.57218
4.59438
4.61477
4.59396
5.40675
5.40704
4.80326
4.66404
4.60203
4.55935
5.29719
4.35063
4.90893
5.31847
5.01343
5.20422
4.79321
5.08225
4.76954
5.19831
4.83849
4.55572
5.11046
4.94313
4.9439
4.73152
4.77091
5.28866
5.25705
5.0523
5.07421
5.54155
5.31371
5.2632
4.48137
4.84139
5.0459
5.15312
4.89592
5.85065
4.79252
5.11082
4.7688
5.19654
5.07969
4.00989
5.5359
5.31796
4.98645
5.26653
4.42404
5.04267
5.09341
4.88106
4.88543
4.58256
5.32648
4.64821
4.75516
4.80503
4.92834
4.97679
5.11515
4.85167
5.0631
4.57478
5.19284
4.7417
4.9047
4.7434
5.16956
4.93008
4.74883
5.26563
5.8168
5.07625
4.56047
4.27205
4.54444
4.67578
4.56669
4.30991
5.24006
4.87163
5.36036
5.09497
4.96304
5.10129
5.05105
5.46475
5.37503
4.20576
5.26054
5.83609
4.43284
4.50501
4.96565
4.46123
5.44778
5.11312
4.93064
4.89848
5.50355
5.2321
4.79701
4.2896
4.93683
5.15774
5.36646
5.47038
4.65258
5.20125
4.91725
5.19381
5.04792
4.78464
4.83162
4.58468
5.5013
4.7367
5.47602
4.95287
5.13061
4.62162
5.38754
4.73765
4.62579
4.89869
5.37822
5.08459
5.18849
4.81879
4.34965
5.47605
4.59887
5.22563
4.70544
5.45971
6.08922
4.83558
5.40836
4.68555
4.83073
5.14336
4.85695
4.65602
4.90852
4.76081
4.573
5.91016
4.99339
5.33681
5.23665
5.03076
4.98625
5.18417
4.64924
4.36201
5.0962
4.23506
5.07291
5.41035
4.99165
5.29724
5.37504
5.00841
4.69345
5.49769
5.20797
4.99429
4.60283
5.14223
5.05348
5.01243
4.42459
4.5822
5.26217
4.29012
5.89903
5.31827
5.27112
4.89373
4.90426
4.48308
5.21794
4.41412
5.34737
4.13872
4.59172
4.44876
5.18055
4.49226
4.67173
4.69313
5.04335
4.99877
5.42941
5.53144
4.38911
4.78929
5.22191
5.41423
4.92479
4.33046
4.80901
5.04397
4.43954
5.21342
5.10812
4.73886
4.81538
4.80605
4.40651
4.48671
4.74557
5.00735
5.7655
5.10507
5.14411
4.86872
4.14784
5.24691
4.58529
5.2679
4.62335
5.43088
5.32181
4.53532
4.8251
4.82419
5.46594
4.53694
5.26893
4.77433
5.05492
4.75501
5.14778
4.71448
5.05479
4.66577
5.33576
4.35973
5.49812
4.60302
5.61856
4.80586
4.77867
5.47874
5.31487
4.79587
4.83492
4.86278
5.29942
4.92752
4.52041
4.97659
5.25706
5.09713
4.31592
5.26758
4.74277
5.07827
4.62153
4.94574
5.05873
5.07933
4.94477
5.30329
4.91134
5.09466
5.21272
4.22543
4.95599
4.39722
4.73029
5.28553
4.57453
4.76506
4.76917
4.54498
5.25354
4.8905
5.15705
4.82401
4.36053
4.85379
5.00258
5.17719
5.17795
4.74959
5.23483
5.04129
5.02902
4.77886
5.2028
4.83512
4.47106
5.12926
5.23107
5.22187
4.77203
5.21389
4.69087
5.57914
4.22808
4.97766
4.63247
6.23887
5.19541
4.90974
4.49945
4.68552
4.22094
5.24269
4.97453
5.75233
4.69902
4.80214
4.785
5.388
4.39106
4.38337
4.24189
5.44754
4.34045
5.91151
4.8891
4.98022
4.58931
4.79871
4.74152
4.88239
4.84251
4.8957
4.58119
4.35052
4.75388
4.40503
4.61676
4.34713
4.56031
4.9329
4.49681
5.90367
4.8041
4.79619
4.94611
5.24262
5.22748
4.42669
5.12128
4.71664
5.54796
5.09927
4.7745
4.87973
4.93308
4.24458
4.88311
4.858
5.11982
5.62363
6.02001
5.66091
5.43296
4.80555
5.49511
4.71522
4.78632
4.7356
5.21892
5.27476
4.84968
4.76627
4.85741
5.80291
4.47205
4.76444
5.05561
4.6324
4.74041
4.99532
4.80205
4.55049
4.84083
4.94328
5.51046
4.93228
4.47003
4.72981
5.20513
4.90117
5.39938
4.70141
5.70813
5.48154
4.30739
5.47527
4.85411
5.25463
5.39669
4.7705
4.91033
4.86041
5.03115
5.13429
4.43011
4.58726
4.94476
4.75542
5.23295
5.2469
4.71019
5.00449
4.73216
5.38989
4.75881
4.8044
4.66654
4.46772
4.9348
4.61142
5.09814
5.12358
5.42286
4.53078
5.13028
4.74373
4.96198
4.9892
4.70197
4.73848
5.16533
4.82929
3.96145
5.10291
4.81899
4.56283
5.01761
4.73001
4.75138
5.32965
5.02172
4.47045
5.61785
4.4526
4.85793
4.98057
4.35598
4.82747
5.91416
4.23147
4.47185
5.31184
5.14139
4.65272
5.43458
4.96394
4.56745
4.64961
4.96257
5.58392
4.73551
5.22095
5.27067
4.24247
4.75016
4.84952
4.63627
4.50262
5.07786
4.7388
4.67576
4.94417
4.63782
5.74182
4.99818
5.40794
4.60758
5.21308
4.64359
4.72639
4.27592
4.80243
5.22159
4.54288
4.53966
4.85137
4.45613
4.68512
4.67234
5.53639
5.21973
5.29131
4.94748
4.53278
4.89264
5.165
4.49301
4.79804
5.09577
4.33478
5.23361
4.76239
4.59114
5.2381
5.35479
4.79328
4.33141
5.01439
4.65015
4.98708
5.27166
5.06057
5.32864
4.79806
4.28348
4.69144
4.97862
4.59898
5.17484
4.56075
5.30681
4.49634
4.90447
4.83716
5.34396
4.93956
5.8106
4.05305
5.29626
4.38289
4.90268
4.90389
5.03612
5.06612
4.73648
5.02053
4.97393
4.46126
5.23183
4.95696
5.00291
4.76759
4.67187
5.0937
5.07661
4.96923
4.65803
4.93449
4.75734
4.89372
5.0834
4.6964
5.29591
5.25309
4.38832
5.02956
4.46537
5.26528
5.17523
5.53204
4.94721
5.78469
5.20781
5.25867
4.94139
4.92618
4.65514
5.46878
4.77551
4.6337
5.56387
4.76425
5.10925
4.82516
4.45055
4.8033
5.17318
5.11169
5.62538
4.68488
5.11938
4.66746
5.47607
5.50937
4.19486
4.24708
5.25396
4.85103
5.34926
5.07769
4.60343
4.59206
5.29971
5.20213
5.23797
5.11501
5.14316
4.42415
5.66345
4.85248
4.54646
5.41762
4.30838
5.00776
4.56385
4.07255
4.59252
5.32117
4.47271
3.79835
4.9422
4.67971
5.5265
5.16926
4.90679
4.76508
5.04879
5.62569
5.1359
4.74464
4.97487
4.87035
4.44669
5.40338
5.1728
5.00938
5.20798
4.71806
5.00379
4.43087
4.84897
4.45876
5.33042
4.92682
5.14506
5.39825
4.61858
4.73072
5.46693
4.63339
4.50817
5.60706
4.74945
5.13752
5.1451
4.13356
4.49494
5.31065
4.76052
5.06561
4.64901
5.0367
4.55307
5.16479
4.35404
4.4906
5.42878
4.87162
4.86406
5.06339
5.41912
4.43032
4.66634
4.28793
5.17571
4.87473
4.73629
4.53868
5.47732
5.04547
5.64742
4.80465
4.75261
4.66561
4.85575
5.41397
4.57409
5.38147
4.96034
5.41132
4.49724
5.31848
5.58656
4.91025
5.12479
4.57791
4.40548
4.95283
5.26545
4.61674
4.59252
4.98352
4.98727
4.69851
4.85261
4.76907
4.86756
4.7296
4.76394
4.71851
5.55998
5.10121
4.3369
4.93374
4.82637
5.13605
5.36075
4.70465
4.94131
4.35866
4.87201
4.76473
4.8819
4.56478
4.65815
4.57708
5.778
4.72644
4.64631
5.37649
4.89852
4.09685
4.36212
5.17079
4.73635
4.58803
4.98089
4.84935
4.52821
4.63987
5.14249
4.90822
4.47428
4.91679
4.90408
5.82233
4.75544
5.11689
4.86113
5.54066
4.5828
4.82373
4.79267
4.63936
4.75076
4.66098
4.93827
4.72643
5.51277
5.2104
4.8259
5.31128
4.91926
4.79325
4.90472
4.84822
4.8823
4.96282
4.07781
5.07742
4.49222
5.12479
4.18041
4.43093
6.31638
5.67053
5.1831
5.15098
6.04027
4.59293
4.89841
4.90405
4.8255
4.89435
5.40919
4.21354
4.60552
4.76389
4.70363
5.03591
4.71821
4.60614
4.90518
5.20032
4.35555
5.369
4.82493
5.01552
6.19236
5.32239
4.75625
4.58282
5.42166
4.57532
4.61484
4.93588
4.66617
5.47274
4.61821
4.79935
4.93234
5.34288
4.96132
5.26388
5.03164
4.43246
4.50524
4.91755
4.61072
4.88393
5.40749
4.67183
5.27967
5.24216
4.5262
5.7124
4.79554
4.44155
5.11837
4.93519
4.68578
5.15664
4.38497
4.16484
5.02702
5.187
4.31333
4.7621
4.75782
5.17479
4.88621
5.26811
4.96075
4.89119
4.83661
5.04866
4.61908
5.63317
5.32164
5.13107
4.75991
4.80717
4.44177
5.27782
4.78665
4.80099
4.91262
4.69928
4.85337
4.84206
5.20215
4.96811
4.29997
4.85713
5.55991
5.12392
4.85111
5.52441
4.818
4.79643
4.96249
5.91463
4.99071
4.37212
4.56067
4.57705
5.16991
4.84686
4.70363
4.81903
5.14196
5.0045
4.77759
5.08647
4.9524
5.23851
5.0191
4.92971
5.01986
4.93268
4.82373
5.11257
4.61276
5.09372
4.99226
4.87361
4.87692
4.65967
5.58213
4.81968
4.95721
5.35907
5.56734
5.16612
5.19975
4.98476
5.48964
4.37035
4.88489
5.48712
4.50873
4.9701
4.25993
4.64843
4.89435
4.64758
5.02875
5.11618
5.46788
4.64461
4.92087
5.17357
4.71706
4.86112
5.22249
4.62484
4.47218
5.06533
5.08135
5.62556
5.45643
5.30467
4.571
5.39009
4.67465
5.47097
5.00186
5.04414
4.32416
4.80014
5.7607
5.46065
4.93429
4.84744
4.77992
4.99852
5.17717
5.93422
5.43058
5.52638
4.59499
4.81082
4.61439
5.54445
4.87715
4.50405
5.65678
4.571
4.25081
5.35793
4.76766
4.69656
5.02878
5.16649
4.32556
4.85325
5.01181
4.88523
4.73787
5.09804
4.74657
5.01328
5.23169
6.07587
5.4371
4.38524
4.7628
5.30143
4.89996
5.04228
5.31672
4.5536
5.48985
4.62129
5.16362
5.04264
4.72658
3.95198
5.14476
5.13722
4.559
5.02194
5.2597
4.99968
4.92933
5.36428
4.92666
4.90796
4.50574
4.66963
4.65135
5.2779
3.95007
4.81844
5.33627
4.45381
5.04397
5.0075
4.50346
4.61025
5.07804
4.67094
4.53562
4.67487
5.07136
4.79545
5.17506
5.14285
5.13894
5.94409
4.78655
5.09487
5.03563
4.69138
4.82891
4.53613
5.06902
5.09005
4.71775
4.60871
4.96657
4.65136
4.47816
4.73127
4.63779
4.52364
4.54312
4.72382
4.08244
4.85697
5.57132
4.93567
4.86552
5.6277
5.66426
4.97472
5.03155
4.89813
5.4005
4.85474
4.37155
4.97582
5.3075
5.16233
4.93786
5.17149
4.48662
4.03752
5.39804
5.17272
4.85585
5.02505
4.49895
4.96797
4.93118
5.08532
4.74907
5.07669
4.51756
4.42343
4.89651
5.46884
5.11122
5.05275
5.10652
4.32517
5.19203
4.82477
4.56186
5.19877
5.00647
4.5752
5.28012
4.81338
4.92387
4.86914
4.07594
4.7663
4.96818
4.86424
4.69362
4.76412
4.7575
5.23881
5.03499
4.93328
4.53363
5.18208
4.76897
4.84221
4.78813
5.5175
4.7826
5.5671
5.09958
5.1099
4.8598
5.07143
4.87558
5.15638
5.20488
5.44068
5.10591
5.10512
5.18729
5.43549
4.74121
4.43933
4.18961
5.48057
4.34493
4.87921
4.66357
4.76691
4.90511
5.22252
5.32048
4.99085
5.55723
4.93554
5.34523
4.47417
4.87386
4.91496
4.51472
4.93928
4.8779
4.54425
5.23208
5.17638
5.01859
4.9473
5.05874
5.82646
5.59244
4.6664
4.74512
5.29465
5.10013
4.9269
4.67842
5.06627
5.1265
4.98239
4.8345
4.69225
4.42173
4.33786
5.01319
4.62598
4.66553
5.04147
4.28764
4.7747
4.82716
5.17807
4.94337
5.13483
4.65456
5.31335
4.76334
4.55508
5.63271
5.38903
4.97085
4.60025
5.18652
5.64065
4.63571
4.52524
4.75284
4.74148
5.23638
4.54862
4.37164
4.44104
4.56693
4.29886
5.15644
4.94807
5.4751
4.79912
4.7373
5.03271
4.18882
4.35756
5.21946
5.01772
5.06164
5.05512
3.95341
5.14525
5.41765
5.15395
5.40381
4.76551
4.85923
4.69945
4.17215
4.54974
5.42602
4.55888
5.04992
4.99974
5.12734
5.13692
4.75507
4.84637
5.42812
4.38368
4.90791
5.57243
4.85
4.79071
5.14141
4.959
5.18534
4.8333
5.26684
5.5162
4.33529
5.12602
4.93792
4.89712
4.33755
4.53373
4.30473
4.30308
4.88225
5.44428
5.08582
5.27501
5.01551
4.79532
4.37254
5.04146
4.68579
4.95456
4.95748
5.41999
5.43092
4.82641
4.88332
4.47254
4.95171
4.66351
4.42995
5.38014
4.91235
4.74678
4.71413
4.98097
4.36819
4.78472
5.591
4.44026
4.50262
4.99487
5.02625
4.66689
4.69024
4.52492
4.90541
5.46186
4.46231
4.71734
4.60831
4.98135
4.97764
5.13735
5.45052
4.55635
4.69264
4.68855
4.83694
5.41026
5.20957
4.66711
4.73502
4.78189
4.78472
4.19362
4.76322
5.03181
4.62059
5.10576
5.3518
4.74562
4.59556
4.54472
5.18479
4.53179
4.51584
5.37938
4.7059
5.29806
5.14508
5.20482
4.75561
4.9352
5.40119
4.8134
5.20756
4.41291
5.13877
4.68197
4.59049
5.18945
5.34243
5.05782
5.06561
4.5147
4.56157
4.8599
4.82162
4.85843
4.46432
5.18872
4.48201
4.8671
5.03288
5.30567
4.95824
4.39298
4.52503
5.21001
4.58352
4.86727
4.61345
4.66691
5.21193
5.51498
5.07328
5.01568
4.81309
5.2222
5.66656
4.46958
4.77336
4.55613
4.67966
5.20999
4.80508
4.35168
5.02069
4.73836
5.22434
4.83573
5.04501
5.40317
5.24211
4.91843
5.03579
4.90683
5.72685
5.54878
5.17206
4.56637
4.96045
5.15867
4.39211
5.00846
4.79376
4.52192
4.93339
5.00821
4.70791
4.94458
4.4893
4.45391
5.33957
4.09995
5.34323
5.22324
4.85214
4.85771
5.20176
4.59378
4.39222
4.7218
4.81397
5.11397
5.11785
5.21402
4.52602
4.46462
4.76698
5.37674
5.35565
4.76979
5.16477
4.85594
4.64158
4.71765
5.11535
4.15588
4.91009
4.35237
5.03625
5.71077
4.57032
5.53209
4.63805
5.25537
5.19832
4.50153
5.09719
4.5974
5.15622
4.60188
4.62784
4.76103
4.6563
4.53431
5.13715
5.0471
5.34694
4.25373
4.1753
4.8306
4.41509
5.10791
5.21602
4.63923
5.04855
5.47594
4.75591
4.54281
4.34536
5.00282
4.822
5.30625
4.6538
4.70592
4.46901
4.38104
5.37079
5.41268
4.83024
5.28346
5.30495
4.96695
4.62194
4.65883
4.67114
5.06722
4.58816
5.44709
4.62677
4.65342
4.83645
5.7318
4.67769
5.88699
4.6677
4.80613
5.43007
4.41492
4.72118
4.83108
4.10825
5.21684
5.05055
4.73811
5.37801
5.53225
4.76222
4.53475
5.34863
4.52756
5.31822
5.26348
4.93515
5.2506
4.51362
4.91904
4.29609
4.52087
5.1399
4.16956
5.08272
4.58265
4.73623
5.29397
4.82576
4.81456
5.51116
5.11853
5.1395
4.57253
5.21435
5.27761
5.43529
5.2599
5.2368
5.29346
5.48851
5.24761
5.29435
4.34009
5.70862
4.75757
4.32216
4.46486
4.95653
4.72658
4.7502
4.86102
4.75531
4.71139
4.90709
5.13344
4.59982
4.65052
4.68433
4.64667
4.75057
4.83968
4.15511
4.97568
4.68769
4.27501
4.71647
5.41713
5.44153
4.27011
5.5284
5.12568
4.63756
4.68883
4.99889
4.64752
4.99743
4.42703
5.04328
5.38207
5.1423
5.57022
4.49814
4.85524
4.32359
4.26031
4.64602
4.63609
5.0512
5.13049
4.6517
4.95923
5.49339
4.62412
5.63459
5.12131
5.3391
4.75837
4.50197
4.28047
4.82105
5.52933
4.25711
5.19843
4.64459
5.03134
5.13943
5.07531
4.33336
5.0195
5.32636
4.99688
5.04116
4.92659
4.98922
5.26569
4.97962
4.26991
4.87433
5.63147
5.34003
5.69484
4.62083
5.19768
4.55005
5.37084
5.02001
4.55549
5.38015
4.86687
4.85127
5.81199
4.7948
5.09805
4.4729
4.78046
5.67439
5.73251
5.49274
5.09919
5.04775
5.13049
5.54523
5.16337
5.23604
5.351
5.0664
5.02243
4.5907
4.56433
5.15949
5.29639
6.08096
5.18722
5.42944
4.63832
4.89305
5.54918
4.52587
4.42485
5.10526
5.22189
4.60742
4.66297
5.03782
4.3029
5.07289
4.8672
4.65335
4.72232
4.61139
4.86334
4.86448
5.44307
4.89791
4.85224
4.73802
4.89046
5.02038
4.84793
4.6922
4.3003
4.69283
5.44118
5.1219
4.58578
4.80013
4.97776
5.04049
5.04483
4.5187
4.8543
4.62897
4.80708
5.3101
4.2758
4.8222
4.68622
4.7493
5.01352
4.77931
4.80379
5.28104
4.97021
4.77107
5.0407
5.80338
4.81563
4.24189
4.69139
4.37304
4.4753
5.10873
5.25605
4.96878
5.03834
4.5806
4.25577
4.85937
4.63556
4.92053
4.75984
4.85431
5.08224
4.78445
4.5425
4.58413
5.25677
5.67805
4.93969
5.12556
4.61601
5.05402
4.72818
5.3083
4.70984
4.79691
5.64629
5.02964
5.20688
4.17664
5.16743
5.3345
4.41794
4.79235
5.11501
4.79226
4.73621
5.05858
5.51083
4.95914
4.87913
4.70809
4.9185
4.80277
4.89731
4.80985
5.01098
5.62675
4.47816
4.88359
4.80916
4.94398
4.36736
4.65675
4.69762
4.78303
4.35765
5.23906
5.28184
5.08196
5.12841
4.81963
4.59285
4.59182
5.01365
4.89549
4.91448
4.40553
4.2668
4.63343
4.60289
4.78588
4.31824
5.09894
4.9953
4.86981
5.21051
4.99918
5.18029
5.565
4.71197
4.63682
5.21806
5.20089
5.16615
4.34326
5.49084
4.80731
5.00254
4.58167
4.40478
4.24349
5.22502
5.1863
5.24163
5.01381
4.6363
4.78295
5.29003
4.89449
4.80512
5.55322
5.0035
5.19122
4.8753
4.40961
5.094
4.46672
5.20788
4.67644
5.31397
5.16128
4.8096
4.54141
5.03724
4.95202
5.00236
4.68963
4.9709
5.14986
4.35828
4.42281
5.33385
4.77154
4.61716
5.14721
4.92414
4.96911
4.266
4.87845
4.59954
4.65709
4.59805
4.81864
5.01097
4.84995
4.85192
5.03463
4.65529
4.56566
4.80336
4.67361
4.66695
4.68463
4.51281
5.34956
5.11724
4.78605
5.05282
4.86966
4.95188
4.35735
4.53444
5.58746
5.38824
4.91188
5.13956
4.87346
5.29323
4.33946
4.90692
4.43606
4.55888
4.38514
5.22509
5.05493
4.77533
4.19384
5.25631
4.80144
5.15448
4.99162
5.05603
4.56039
4.52537
6.0719
4.4582
4.68355
4.65897
4.59177
5.20847
5.00937
4.76921
4.57732
4.30782
5.22298
4.94489
4.87083
4.55468
4.84142
5.02017
5.09309
4.50484
5.44686
4.06177
4.68421
4.51806
5.28857
4.37128
5.25397
4.90846
4.82106
4.6905
4.56361
4.76727
4.19981
5.49538
4.90007
5.11459
4.84781
4.48927
4.42342
4.48033
4.57245
5.05667
4.88283
4.44736
4.37498
4.36766
4.94515
4.67096
4.96142
5.03182
4.97943
5.51012
4.56867
4.39786
4.88073
4.78368
5.10249
5.17594
4.88059
5.0492
4.55051
4.73531
5.32076
4.66459
4.43884
5.41269
4.37444
4.33015
4.4702
4.42057
4.95576
4.99019
5.01107
4.79782
4.62278
4.77517
5.15013
5.01729
5.34583
5.38627
4.82666
4.57583
4.88164
5.48665
5.12776
4.90298
4.8028
4.22827
5.0365
5.21841
4.76352
5.03533
4.91554
4.67477
5.14848
4.91414
4.78035
5.68393
5.01989
4.74153
5.26613
4.75509
4.9687
5.31767
4.83522
4.23637
4.79055
5.42566
4.48681
5.08344
4.94423
4.93401
4.94471
5.32747
5.17715
4.66428
4.70894
4.10048
4.69766
4.84
4.88082
4.9391
5.32074
4.36649
4.37858
5.34015
4.95974
3.85471
6.33368
4.45503
4.72122
5.22633
4.37322
4.86967
5.38283
4.85399
4.75199
4.826
5.09741
4.94851
5.46262
5.29822
5.53784
4.26063
5.0166
4.57192
4.95473
4.26752
4.4901
4.97392
4.96819
5.09946
5.36504
5.42557
4.96644
4.77519
4.94869
5.43714
4.74779
5.30276
4.61365
4.61252
5.21679
4.75214
5.034
4.67273
5.78995
4.57016
4.95175
5.14783
5.43458
4.53071
4.77945
4.85508
5.00079
4.97164
4.7873
4.55779
5.27911
4.70598
4.79524
4.23399
4.79262
4.65747
4.75099
5.15257
4.87989
5.09321
5.1263
4.73186
4.838
5.53165
4.67732
4.10117
4.37324
4.47159
5.22485
5.4398
4.56055
4.207
5.16999
5.00332
4.3106
4.59796
4.50609
4.76263
4.64681
4.77554
5.03522
4.73284
5.25178
4.64534
5.57277
5.53164
5.83741
4.5017
4.4561
5.25291
4.4725
4.7838
5.21063
4.47731
5.10452
4.54135
5.1862
5.02833
5.08846
5.13577
5.04792
5.39211
5.11898
5.12544
5.33152
4.46176
5.05969
4.83942
4.44571
4.72499
4.97221
4.86375
5.06534
5.48406
4.82686
5.15865
4.4731
4.62767
5.39543
5.23836
4.47571
5.1333
4.64524
5.4352
4.3359
4.65475
5.07671
4.80359
5.42583
4.7054
5.24481
4.14744
5.77361
4.73234
4.89802
4.63437
4.65142
5.45343
4.8457
4.75951
4.52924
5.28875
4.92744
3.98477
5.38799
5.03176
4.54978
5.21837
4.82972
5.12733
4.49989
5.47679
5.14524
4.80992
5.46184
4.90513
5.01817
5.25601
4.64192
4.83786
4.49937
5.29847
4.99003
4.72204
5.09424
5.2121
4.72902
4.84589
4.57999
4.80992
5.0227
4.79888
5.00286
4.84593
4.26557
4.66525
5.25657
5.00753
4.92243
4.6379
5.37887
5.0547
4.7594
4.67534
5.08175
5.04156
4.67556
5.1835
4.39988
4.88258
5.04789
4.43667
4.94784
4.5032
5.17715
4.96376
4.58038
4.65296
4.75325
5.4611
4.4253
4.60642
4.59472
4.54611
4.55439
4.92161
4.95772
5.07743
5.26649
4.44692
4.72427
4.45631
4.89387
5.11318
4.74869
5.21999
4.8554
5.25878
4.83786
4.87333
5.08719
5.09711
4.9443
4.4902
5.21088
4.38158
4.61779
4.27108
5.14193
4.67282
5.2007
5.07928
4.61487
4.88791
4.30074
4.5931
4.10803
5.00632
4.7799
5.69414
4.7173
4.53026
5.10963
4.42509
4.89836
5.26178
5.16301
4.9773
4.56857
4.38818
5.08658
4.93085
4.39552
4.36798
4.87957
5.2971
4.67533
4.84006
4.89531
5.09219
4.9115
4.39306
4.45907
4.03542
4.40237
4.75778
4.17449
5.30065
4.57167
4.99089
4.76114
4.96842
4.28239
4.70405
4.99228
4.75829
5.075
4.98247
5.06853
4.73895
5.09617
3.99822
5.35771
5.07161
4.99921
4.97709
4.42419
4.92806
5.04469
4.91935
4.91657
4.60116
5.30034
4.58577
5.25399
4.90038
4.42342
4.71956
4.92244
4.67411
5.16578
4.33983
4.13945
5.27955
5.18272
5.2895
4.94309
4.53695
4.80809
5.60388
5.46636
5.119
5.47317
4.6093
4.80766
4.74923
5.13549
4.97545
4.93219
4.74808
5.35069
4.2991
5.02836
5.31382
4.68696
4.57684
5.0377
5.16233
4.23376
4.52647
4.58117
4.8494
4.65771
4.96438
5.55203
4.73289
4.65155
4.73341
4.85506
4.54442
5.14389
4.68509
4.19161
4.95785
4.58737
4.95699
5.43843
4.70707
5.26958
5.31471
4.72766
5.1244
5.10472
5.11016
4.75542
4.89794
4.60757
5.25964
4.8855
4.60025
4.62841
4.39002
4.25193
5.11517
5.47066
4.66119
4.41581
5.02605
4.43129
5.0567
5.28004
5.23695
4.96002
4.11281
4.72483
4.82018
5.11487
4.98206
4.49119
4.70873
5.29595
5.19622
4.98952
4.50431
4.92441
4.90014
4.82838
5.06228
4.64769
5.17146
5.22528
4.37333
4.67718
4.0679
4.6889
4.72421
5.17185
4.49486
4.83604
5.25053
4.66083
4.46937
4.97916
4.4265
4.41028
5.18251
4.77358
4.61927
4.30207
5.617
4.73275
4.82981
5.11996
4.71034
5.2653
5.43875
5.37712
4.56414
4.96504
4.40308
4.14377
5.34964
5.27634
4.94705
5.3806
4.91783
4.51048
5.55193
5.08648
4.86989
4.90263
4.24178
5.25725
4.50919
4.80294
4.64907
5.03006
4.81753
5.45287
5.00526
5.19453
4.26321
5.33831
5.76892
4.96865
4.86867
4.01368
4.93976
5.10937
4.79418
4.80225
4.82843
4.51715
5.16045
4.48663
4.98931
4.92234
4.74644
4.41958
4.94795
5.00554
4.9508
4.67242
5.18269
4.49833
4.78857
5.02677
4.68925
5.13334
4.50227
4.66104
5.15354
5.31972
4.35648
4.50827
5.14201
5.19737
4.57846
5.15374
4.7907
5.17587
4.90194
4.79013
4.3872
5.19076
4.72644
4.19341
5.1772
4.12488
4.39803
4.86546
5.00037
4.60896
4.72476
5.11114
4.77717
4.88321
4.62808
5.03409
4.86409
4.98382
5.53249
4.93233
4.73649
4.76085
5.00594
4.71411
4.70148
5.04078
4.60233
4.59184
4.92868
4.59754
4.77165
4.67919
4.87502
5.61883
5.76688
5.03739
4.74177
4.5435
4.28724
5.11206
4.74934
5.24845
4.87675
4.71746
5.52686
5.67661
4.56121
4.82402
5.065
4.91947
4.98646
5.08519
4.80102
5.50774
5.18437
5.1288
5.27235
4.47884
5.19156
4.15796
5.29984
4.72098
4.84426
3.95136
5.24731
5.18871
5.1559
4.6143
4.6845
5.06446
4.92283
5.37929
4.98087
4.86432
4.55971
4.22866
4.26301
5.01926
5.30499
4.81412
5.67195
5.41833
4.66951
4.91004
5.13472
5.1817
4.73111
4.80568
4.53976
4.9249
5.2462
4.7235
5.3784
4.61568
4.82884
4.26384
4.92482
5.04993
4.75261
5.10261
4.93025
4.46618
4.79072
4.83757
4.44838
4.91022
4.9138
4.71955
4.59871
4.57691
4.79987
5.16066
4.48889
5.182
5.27551
5.33566
4.30534
4.79529
5.37117
5.21094
5.31293
4.69962
5.0995
5.0401
5.45361
5.11299
5.10945
5.45088
4.43231
4.99724
4.68596
5.3553
5.68294
4.58819
4.75438
5.71197
5.21776
4.80474
5.07312
4.84734
4.71816
5.76941
5.43901
5.11662
5.28238
4.40452
5.1208
4.51523
4.93145
4.60205
4.71613
4.77314
4.78283
4.48698
4.83865
4.97047
4.72077
4.55166
4.89724
4.72002
4.54779
4.05779
4.49444
4.75686
4.53912
4.72031
4.50698
5.14998
4.45036
4.42101
4.3808
4.24849
5.34439
4.58683
4.93761
4.68078
4.69283
4.51856
4.84328
4.77052
5.00231
5.15688
5.11398
5.45623
5.16147
4.90716
5.01021
4.59012
5.53428
4.80948
5.26103
4.73826
5.03303
4.77849
5.16193
4.55529
4.42018
4.50674
5.48885
4.84654
4.65737
4.48257
4.64341
5.34243
5.01907
4.47234
4.82506
4.6781
4.74923
4.77877
4.34784
4.97511
4.9913
4.80371
5.03017
5.65938
4.85485
4.86306
4.81554
4.754
4.82261
5.49889
5.38682
4.3135
5.22812
4.9681
5.19922
4.94575
4.83923
4.67041
5.06948
4.24962
5.8597
4.3719
4.60613
4.93862
4.6287
5.06785
4.07103
5.05344
4.62405
4.86915
4.79021
4.6253
5.41152
4.36372
4.20795
5.09414
4.68252
4.88407
5.12994
4.61429
4.89007
4.55576
4.54866
5.36235
4.90924
5.11598
4.51138
4.73264
5.22417
5.2066
5.21353
5.38522
4.5264
5.35895
5.28136
4.10739
4.7999
4.76079
4.8352
4.65785
4.74102
4.74764
4.77778
5.39157
4.68416
4.96156
4.37205
4.59451
4.36874
4.60161
4.84275
4.36169
5.50041
4.62392
5.1276
4.82144
5.72857
4.45589
5.37055
5.3892
4.62009
5.41533
4.79698
4.85673
5.47651
4.82316
5.35236
4.94245
5.05019
5.08787
5.06803
4.94449
4.60695
5.83245
4.51113
5.6082
4.63872
4.48711
4.65936
5.1425
5.49532
5.14318
5.00193
4.41891
6.41711
4.88567
5.35456
4.47866
5.28714
5.29348
5.30794
4.44204
4.79073
4.70395
4.48545
5.90825
4.87206
4.42495
4.8075
5.30458
5.1218
5.00263
5.17403
5.11942
4.91012
4.95252
5.08453
4.92622
5.2521
4.3946
5.35224
4.59196
4.29668
4.60724
4.62543
5.04968
5.18462
5.28047
4.74171
5.05892
5.4461
4.47413
5.7309
4.42936
5.13714
4.67556
4.85221
4.93474
5.22531
4.64535
4.43822
4.7501
4.45052
3.98512
4.89069
4.00941
4.72272
4.5466
4.87194
4.59283
5.40088
4.42969
4.88611
4.6825
4.59024
5.03817
4.92473
4.48845
4.52615
4.27211
5.20579
5.12914
4.73651
4.46195
4.81021
4.36614
4.63251
4.5512
5.41484
4.61017
4.66999
5.534
4.1879
4.41154
4.51576
4.78743
4.60072
5.27293
4.47428
4.92659
4.70687
5.37023
4.13568
4.44772
4.67333
4.79179
5.25221
4.96792
4.28273
4.8545
4.81537
4.55182
5.51725
4.58533
5.38058
4.82152
5.09294
4.9545
4.35832
4.66081
4.32035
5.24251
4.96756
4.68638
4.55153
5.02317
4.49102
4.92707
5.73762
4.66104
4.96755
5.32759
4.83607
5.28626
4.66842
4.66905
5.38533
4.8741
4.4433
4.65666
4.75568
4.28633
4.63588
4.77086
4.49753
4.86521
5.1102
4.9463
5.48774
4.69703
4.87729
4.7869
4.50082
5.1907
5.41186
5.36551
4.96903
5.09643
4.40833
4.969
4.61243
5.57257
4.75642
4.86588
5.14294
4.4538
4.68604
4.57025
5.25407
4.50915
4.5585
5.42165
4.94907
4.76781
4.32356
4.95757
4.78102
4.62101
4.42574
4.89763
5.32032
4.44146
4.58654
4.51374
5.22879
4.91056
4.58083
4.86595
5.15788
4.7556
4.75572
5.51481
4.99697
4.90227
4.90883
5.13896
4.73197
4.65932
4.58357
4.97325
4.72348
5.29822
4.94075
4.85131
4.81646
5.05878
5.12506
4.68639
4.92945
4.99186
5.60564
4.86276
5.1511
4.47895
4.75669
5.03866
4.88721
4.7549
5.10892
4.7529
4.47758
4.87148
4.816
5.11575
4.95882
5.0983
4.88357
4.77549
4.75156
5.46209
5.03499
4.83337
5.67172
5.17917
4.9179
4.08322
5.196
5.58323
4.83039
4.92125
4.78442
5.10932
4.46215
4.21252
4.71714
5.13548
5.55775
5.28936
5.0232
5.23036
4.85499
4.63446
4.57912
4.82469
5.44415
5.98711
4.96266
4.66447
4.71646
4.80239
5.29617
4.94734
5.21011
5.36798
4.45625
4.8856
4.68121
5.17509
4.36641
4.61978
4.27905
5.23688
4.46658
5.13424
4.78621
4.8639
5.37782
4.67378
4.04253
4.58874
5.10254
5.3236
4.63603
4.97421
4.87464
5.02881
4.90071
4.93685
4.74197
4.72641
5.22655
4.49177
4.49109
4.84193
4.39738
4.36439
5.4945
4.68049
4.29298
4.89583
5.57441
5.23741
4.56137
4.92752
5.16463
4.59477
4.91465
4.44259
5.28118
4.83323
5.25654
4.75084
5.13031
4.45163
5.22243
5.05548
5.1121
5.01544
4.96024
5.59264
4.30293
4.96412
4.51442
5.15336
5.21488
5.22796
5.10388
5.10141
4.64462
4.98729
5.11282
5.03889
4.81408
5.1888
5.10319
4.62485
4.38224
4.37855
4.10321
4.74251
5.51996
4.9483
5.23926
4.7041
5.08333
4.76445
4.40084
4.97522
4.89254
4.89811
4.53644
4.70467
4.42391
5.25174
4.96387
5.11916
4.8314
4.76731
4.9347
4.66248
4.99113
4.54273
4.41829
5.72703
5.03165
4.6172
4.62357
5.53556
4.94878
5.59143
4.72263
4.9021
5.27636
4.98187
3.92838
4.98083
5.04079
4.76069
5.37036
4.8582
4.6046
5.24618
4.99465
5.49737
4.58515
4.48063
4.83943
4.98273
4.75581
5.01399
5.17071
5.55272
4.51177
5.35555
4.4961
5.08115
4.92917
5.17077
5.21286
5.91565
4.6149
4.35296
4.9511
4.60746
4.70892
4.84515
4.81652
4.93592
4.76575
4.77931
5.09113
4.30885
5.06578
4.85994
4.93802
5.11759
4.89277
3.99581
4.66605
5.16857
5.1326
4.77652
4.92201
4.92684
4.91914
5.13828
5.13571
5.05997
5.48322
4.76389
4.40168
5.41229
4.47799
5.52319
4.70054
5.19357
4.71374
4.86966
4.2325
4.6322
4.40116
4.96474
4.52341
4.87051
5.09333
4.75523
4.47328
5.58003
5.31963
5.55227
4.32818
4.28974
4.36041
5.17136
4.55516
4.89761
4.36889
5.476
4.61762
4.13046
4.81552
4.40926
5.65657
4.85568
4.81262
4.73634
4.69914
4.93523
5.09589
4.35634
4.3733
4.92144
5.61226
5.19145
5.04699
4.93458
4.68539
4.71031
4.91765
5.25275
5.32788
4.18027
5.27382
4.34451
4.86487
5.08733
4.88376
4.98571
5.16981
4.98681
4.64107
5.29987
4.84597
5.17667
5.4189
4.71844
4.62465
4.37573
4.93034
5.19006
5.15549
4.49668
4.84897
5.05508
4.91833
4.8926
4.91043
4.89513
4.58852
5.40597
4.38613
4.9542
4.98481
4.71095
4.86414
4.86993
5.16039
4.95557
5.07315
4.74628
4.79759
5.26632
4.75595
5.55816
5.65174
4.97371
4.54839
4.59693
5.15022
4.85499
5.48674
4.58076
4.43781
4.8216
4.49499
4.54354
5.10313
4.78557
5.49717
4.6486
4.52882
4.98526
5.00142
4.40836
4.19465
4.75067
5.30721
4.84919
4.59476
5.02896
4.83526
4.60447
4.95233
5.24898
5.02771
4.69217
5.2636
4.71377
4.59463
4.7182
5.43566
4.57384
4.38095
4.92501
4.81493
5.25757
5.14132
4.98024
5.11117
5.22449
5.22277
4.91196
4.67244
4.58904
4.96748
4.28481
4.72094
4.8181
5.13138
4.66701
5.59755
4.77597
4.89942
4.80642
5.1255
4.67213
4.76435
5.17026
5.13436
4.2592
4.58667
4.49816
4.93849
4.6038
4.79543
4.41288
5.45179
5.1996
5.13472
4.76005
4.5311
4.44397
4.37739
5.10159
4.59002
5.10142
4.36066
4.92254
5.2435
5.03703
5.26057
5.174
5.50233
4.82444
4.94619
4.85227
5.43047
4.85766
4.64514
4.66132
4.84939
5.54361
4.49198
4.85308
4.56983
4.60444
4.97134
4.72083
5.21687
4.68478
4.68616
4.66635
5.3724
5.40042
5.04718
4.98772
4.63005
4.79219
5.53841
6.0365
4.99936
4.89044
5.32939
4.8303
5.12806
4.94543
4.89716
4.41909
5.52562
5.58378
4.74329
4.79762
5.21328
5.06255
5.01304
4.31084
5.15085
5.57645
4.46179
4.9066
3.98158
4.72389
4.32185
4.53154
4.64835
4.36794
4.30914
6.11018
5.36621
5.11818
4.76775
4.49869
5.06741
5.52413
5.9894
4.53033
5.24383
4.2848
5.59274
4.80014
4.82064
4.88109
4.01999
5.00529
4.49206
5.18559
4.68196
4.77809
4.81442
5.19284
4.64321
4.83465
4.51039
5.21346
5.19409
4.79774
4.90129
5.07126
4.77161
5.21792
4.50651
5.295
5.10359
5.19624
4.92678
4.97967
4.64116
5.43421
4.80237
4.07734
5.76174
4.41698
4.88029
5.09953
4.59754
4.88993
4.256
4.50255
4.96862
4.82079
5.8217
4.61962
5.44046
4.77634
4.75325
5.54587
4.22117
5.02631
5.1038
4.98897
5.41292
4.88282
5.68756
5.21462
4.95228
4.85208
4.72334
4.99391
4.99423
4.76578
5.17773
4.71012
4.9088
5.06161
5.1182
4.73742
4.59063
4.63095
5.22955
5.16576
4.5318
4.50397
4.40781
4.59336
5.23169
5.67552
4.82539
4.90383
4.81804
5.46594
4.79739
4.59229
4.57681
4.63516
5.46898
5.03304
5.12882
4.71236
5.26616
4.55922
5.04373
5.11848
4.58754
5.06601
5.27239
5.20254
4.70137
5.30346
4.79916
4.61798
4.31942
5.61769
4.60471
5.02942
5.05734
4.55347
4.47951
5.23622
4.22372
4.684
5.2116
4.39639
5.05808
5.07667
4.63542
5.24511
5.90613
4.49037
4.72725
4.70745
5.18588
4.55771
4.7164
5.09264
4.4965
5.93793
4.443
4.96201
4.73069
5.04933
4.75299
5.19263
5.30491
4.98122
4.89756
4.66982
5.24347
5.08362
5.12487
4.75458
5.00003
5.21227
4.9226
4.64306
4.5701
5.26718
5.83835
5.37047
5.25284
4.53608
5.03318
5.3696
5.23165
4.92628
4.25816
5.30329
4.53268
4.66329
3.92864
4.67883
5.12979
4.9395
4.8507
4.78976
4.89765
4.52357
5.09472
5.30638
4.79054
4.76736
4.22159
4.46971
4.42758
4.89407
5.13256
4.70293
5.15449
4.52043
4.63345
5.11202
4.38912
5.00385
5.40624
4.87239
5.50007
4.89383
4.83322
5.34511
4.86157
4.69073
4.93122
4.99465
4.40695
4.73746
4.73298
4.72181
4.86964
5.18612
4.64373
5.38288
4.85977
4.68302
5.22995
5.03472
4.85724
4.85637
4.80097
5.47048
5.09465
4.45551
4.7986
5.08305
4.6895
4.99555
4.70937
4.51196
4.82926
5.16924
4.83895
5.67202
5.05803
4.58547
4.79254
5.03188
4.54772
4.97933
5.02822
5.20677
5.0532
4.44555
4.4234
4.76408
4.58496
4.96132
5.06444
5.01998
5.49636
5.06719
5.4446
4.63841
5.4927
4.84867
5.06702
5.0538
4.4883
4.86509
4.95849
5.33132
5.10886
5.02033
4.24157
4.36063
4.49035
4.68659
5.33798
5.40691
4.64252
4.83008
5.30405
5.88994
4.82181
4.96048
5.2676
5.20995
5.1533
4.6309
5.8064
4.79591
5.09053
4.76888
5.1139
4.9812
4.6853
4.87054
5.09686
4.78736
4.69039
4.86617
4.87488
5.30374
4.32092
4.71374
5.07358
4.85705
4.16211
4.75961
4.56586
4.646
4.94179
4.95468
5.02388
4.83188
5.04128
4.57435
4.67238
4.65327
4.72212
4.03409
5.16369
5.45436
4.82198
5.0937
4.12661
4.88692
5.05548
4.57877
4.16461
4.36884
4.46176
4.63905
4.6435
5.10163
4.61856
4.59482
4.27986
5.12238
4.3858
4.7892
5.00516
4.78505
4.33854
4.93918
5.08071
5.17276
5.15075
4.90943
5.36969
5.41017
5.57061
4.78994
4.36424
4.59031
4.24979
5.25309
4.50914
4.35612
4.95424
6.05497
4.59172
5.03651
4.55661
4.81601
5.10197
4.91689
4.74596
5.02794
4.71218
4.45211
4.8422
5.04217
5.77461
4.85496
4.63858
5.30786
5.62958
5.57467
4.56596
5.18327
4.62827
4.92847
4.49469
4.3968
5.4434
4.50915
4.44758
4.82576
5.01497
4.10327
4.6869
4.69662
4.44057
4.4593
4.98461
5.04382
5.34168
5.1297
4.94787
5.56382
4.36065
5.23372
4.616
5.34754
4.40788
4.80601
4.99241
4.67563
4.69804
5.03292
4.70831
4.62327
4.32543
4.48966
4.73065
4.80568
4.74668
4.85444
4.6562
4.24939
4.33627
5.0234
4.92852
5.0573
5.44516
4.71037
4.95738
4.82611
4.15487
5.44994
5.23826
5.21902
5.30147
4.72051
4.15539
5.0752
4.79171
5.26006
4.88105
5.76482
4.94441
4.93272
4.61122
4.91608
4.84883
4.95797
5.80769
4.39804
4.90559
4.93909
4.6448
4.42869
4.32945
5.10002
5.24682
4.64418
4.48748
5.16984
4.46315
4.93618
5.05907
5.53022
5.44272
4.70472
4.79236
4.64553
4.6462
4.53326
5.01082
4.81514
4.601
4.63941
4.70403
5.13304
4.66477
5.82556
4.49085
4.81349
5.24487
4.96807
5.02013
4.90576
4.84569
5.03754
4.80847
5.24837
4.58486
5.55755
5.15478
5.59241
4.97625
4.91072
4.65583
5.15564
4.32308
4.69545
4.30708
4.62033
4.37014
4.34391
4.76856
5.08991
4.21731
4.85502
4.80519
4.74698
5.22688
4.96731
4.7432
4.90095
5.03976
4.21275
5.58875
4.65178
3.77955
4.83524
4.35003
5.12083
4.65476
4.51891
4.72874
4.97082
5.36065
4.30436
4.58942
4.28779
3.91518
5.01553
4.93408
4.72916
5.16685
4.8035
5.41164
5.5654
5.15287
4.27024
4.40347
5.03905
4.31229
4.45669
5.13278
5.18696
4.54256
5.17823
5.64115
4.64433
4.29506
4.39057
4.97623
4.97151
5.37491
4.60613
4.56515
4.7493
4.29891
4.84081
5.38537
4.73516
4.68871
4.89371
5.01995
4.2359
4.94216
4.40518
4.51793
5.13774
5.2618
5.05082
4.88212
4.82309
4.90218
5.02051
4.94205
4.63375
4.42566
4.77421
4.79814
5.5826
4.45102
5.49611
4.90532
4.93403
5.69067
5.20315
5.33639
4.66805
4.72333
5.27776
4.7596
5.16835
4.26793
4.73601
5.59045
4.3159
5.29897
5.14152
5.51732
5.02653
5.04688
4.80781
4.35564
5.30444
5.1608
4.60074
4.89902
4.97852
4.7021
5.02736
4.79957
5.22161
4.97675
4.46259
4.91579
4.79881
5.05343
4.77411
4.70414
4.6818
4.47576
4.70361
5.05756
5.01565
4.68686
5.14019
4.33607
4.86058
5.39163
4.94708
4.70646
5.44711
4.33559
4.69346
4.24585
4.77345
5.22459
4.64359
4.49952
5.02149
5.11332
4.84204
4.74071
4.73252
4.62498
4.76131
4.81832
4.90626
5.12599
4.47289
5.01017
4.92497
4.57661
4.78003
4.90957
4.50734
4.61377
5.27118
5.4825
4.50571
5.43776
4.36315
5.58158
4.47463
4.76004
4.75092
4.60559
4.97411
4.75773
4.66009
5.17629
4.72492
5.06769
4.51708
5.05218
4.46553
5.45977
5.36008
4.545
5.1605
4.83972
4.47372
3.84098
4.84501
5.04873
4.90235
4.1385
4.94693
4.90333
5.20208
4.78108
5.12342
5.6916
4.88597
5.44433
4.76676
4.85
4.19669
5.32129
4.46532
4.5979
4.97525
4.99542
5.4582
4.64511
4.78427
4.93035
5.51686
5.87368
4.55568
4.34697
4.42016
4.34553
4.31932
4.5862
4.86338
4.37421
5.22404
5.15878
4.92071
4.77218
5.42149
5.64646
4.72942
4.27511
5.33019
4.69364
5.15468
5.19686
4.87591
4.43662
5.14085
4.91673
5.02659
4.59558
4.98875
5.27248
5.32472
5.15072
5.03473
4.54737
4.72803
4.67187
4.83672
4.79262
4.69705
5.42125
4.77539
4.15767
5.08986
5.57315
5.25977
5.12156
5.00992
4.56342
5.26202
4.79548
5.01476
5.26446
4.38709
4.60816
4.54377
4.66196
5.21243
4.94836
5.07894
5.07507
4.64431
5.07381
4.31883
4.77463
4.50461
5.15569
5.12403
4.74865
5.30682
4.97152
4.89338
4.48095
4.97385
5.2093
4.88992
4.45914
4.87585
5.07168
4.75806
5.04542
4.67882
4.51727
4.44654
4.6306
5.16503
4.86351
4.88844
5.05559
5.22217
5.29418
4.72372
4.47877
4.50603
5.11596
4.88404
4.60346
5.38198
4.8596
4.77106
5.21263
4.43696
4.36828
4.84416
4.71487
5.29628
5.0993
4.80371
4.40359
4.68266
5.46443
4.47395
4.48548
5.03138
4.83199
4.70881
4.65501
4.83024
5.23422
4.74694
5.2069
4.36979
4.93168
4.80703
4.68298
5.2259
4.54511
4.68526
5.16524
4.65715
5.21593
5.07168
4.80714
5.16514
4.89333
5.32457
4.66987
4.43384
4.67158
4.43486
4.30519
5.16616
5.31199
4.60637
5.27697
4.59742
5.19853
5.69019
5.24085
4.88342
5.3561
4.81376
5.11208
5.18662
5.02248
4.82081
5.33105
5.04974
5.04022
4.42814
5.04369
4.78025
4.82175
5.07206
4.24818
4.41231
5.26225
4.51629
4.67943
4.3394
4.88795
4.89238
4.80879
5.19604
4.67381
4.3678
5.27415
4.64866
4.7963
4.39445
4.45884
5.2802
5.04722
4.88279
5.29782
4.67455
4.73285
4.79539
4.66735
5.45223
4.87616
4.77899
4.81623
4.86254
4.53868
4.84472
4.68128
4.4233
4.33473
4.41309
4.86604
4.41224
4.48903
5.14681
5.14709
5.21718
4.71868
4.88205
4.86792
5.26432
5.51764
5.40555
4.86143
4.8608
5.17977
4.63149
4.55055
5.23261
5.03545
5.19545
5.59044
4.25456
5.22476
4.24825
4.94022
5.10286
5.08136
4.71486
4.79567
4.87683
5.13971
4.84903
4.90873
5.16615
4.7184
5.04738
4.48167
4.63237
5.14457
5.47429
4.48989
5.10753
4.08862
5.0353
5.31993
4.6121
5.18523
4.46207
5.35803
4.95781
4.24981
4.65324
4.76944
4.27954
4.23261
5.20586
4.58345
4.51746
4.55867
4.26484
4.9716
4.95867
4.59938
4.5198
5.40479
4.49981
4.55171
4.96104
4.67535
4.93375
4.79159
4.95462
5.30224
4.77125
5.22694
4.4139
4.95391
4.62528
4.28301
4.13036
5.44316
3.87049
4.3592
4.61369
4.64591
4.60168
5.07148
4.99741
5.30426
5.02906
4.98053
4.85368
4.9322
5.16255
5.26264
4.75166
4.9282
5.02831
4.75659
4.50744
4.506
5.29814
3.99682
4.43515
4.81785
5.07833
4.23055
5.284
4.90208
4.7443
5.35808
5.48508
5.118
5.37028
4.71405
4.4997
5.26323
4.70753
4.30513
4.9245
4.82424
5.07826
5.36562
4.26238
5.17989
5.12152
4.17663
4.80524
5.45378
4.79876
5.16183
4.57186
4.38641
4.88725
4.86346
4.85871
4.49347
4.48662
5.27045
4.53457
4.94708
6.01955
5.56156
3.95384
4.69141
5.44514
4.8696
4.40824
5.23557
4.58417
4.49193
4.57011
5.05033
4.95691
5.03977
4.51988
4.9946
4.66855
5.69968
4.79197
5.05866
5.13607
4.4566
4.54671
4.96
4.92028
4.77491
4.66095
5.2221
4.54127
4.69503
4.97335
4.3737
5.32247
4.31964
4.46378
5.02725
5.10374
5.48381
4.67056
5.3207
4.94075
4.48804
4.66038
5.07146
4.69712
4.67086
4.9746
4.9797
4.86914
4.71481
4.51633
5.37094
5.17028
4.99868
4.74097
4.32453
4.71243
4.64954
5.15338
5.08421
4.48437
5.78367
4.93201
5.2201
4.95256
4.38591
4.32549
4.50994
4.53064
4.86052
4.52782
5.07247
5.27557
4.45514
5.68544
5.1416
4.27133
4.55746
4.99685
4.15532
5.24379
4.83453
4.15807
4.95164
5.07352
4.80456
4.60933
4.26991
5.12521
4.83527
4.95432
4.98982
4.77225
5.33469
4.78526
5.19713
5.15642
4.80637
4.56223
5.07781
5.11742
4.90317
4.45564
4.75117
5.23081
5.02995
4.93636
5.21702
4.67765
4.89311
4.95188
4.89061
4.6238
5.1201
4.71069
4.56921
4.94881
4.08656
4.91684
5.32963
4.95895
4.70713
5.0355
5.02976
4.72372
4.65419
4.7517
5.37741
4.63667
5.4408
4.43162
4.80411
4.73181
4.33551
4.67325
4.79395
4.60388
5.10604
4.36505
4.80649
4.8759
4.47983
4.97159
4.46084
5.51893
5.10877
4.90093
4.52608
4.50807
4.37307
4.51873
4.47122
4.206
5.04995
4.32651
4.6078
4.81022
4.92883
5.3868
5.2239
4.92142
4.80248
4.69535
5.37404
4.86918
5.00195
5.17392
5.13929
5.08803
5.03683
4.2804
4.98419
4.89913
4.40128
4.79689
4.85498
5.37227
4.46498
5.01137
4.87071
4.82359
4.74693
4.50327
5.1477
4.74317
5.22489
5.35525
4.86589
4.86746
5.24652
4.88313
4.84584
5.0883
4.76079
4.51074
4.99794
4.31647
5.16045
4.77396
4.44531
4.57131
5.19019
5.07881
4.98687
5.13359
4.52249
5.30742
5.11107
5.18422
4.72183
4.91582
4.87678
4.69461
4.521
4.65792
4.93912
4.70925
4.88164
4.54021
4.75769
4.70338
5.08984
5.10919
5.0383
5.12334
4.90643
5.41949
5.04351
4.90907
5.15434
4.51173
5.53281
4.73413
4.06548
4.7728
4.97885
4.55361
5.17361
5.09632
4.94979
4.70059
4.6762
4.69347
4.63719
4.75186
4.60166
5.32603
5.52384
4.72109
5.10109
4.78842
4.41279
4.71521
4.97176
4.36846
4.71664
4.35747
4.65917
4.82149
4.90238
4.9206
4.29665
4.36245
4.58957
4.84335
5.07873
4.68764
4.82983
4.74161
4.92524
4.9678
4.60491
5.11196
4.80639
4.59756
4.35854
5.12691
4.90184
4.62446
5.19495
5.2103
4.74568
4.63932
4.49713
4.83341
5.00845
4.88524
4.87697
5.18265
4.84953
4.79987
4.2356
5.23639
4.76407
4.97875
5.89433
4.87061
5.28424
4.42079
4.98988
4.60184
5.10416
5.32542
4.23652
4.92376
4.42509
5.03984
4.65877
5.1657
5.63405
4.97105
4.48782
4.91626
5.59214
4.62603
4.15698
4.92636
4.62562
5.18161
4.93068
4.45268
5.34487
4.66108
4.74497
4.71701
5.0489
6.07833
4.61399
4.77449
4.65092
5.08761
4.50456
4.74598
4.1378
4.77461
5.16959
5.15964
4.94833
4.68603
4.5896
4.55663
4.51928
4.99043
4.86598
4.87213
5.37125
4.89191
5.29294
4.69723
4.82577
5.08877
4.73411
5.14741
4.09537
4.73419
5.29149
5.0938
5.23754
3.82098
4.62868
4.8998
4.75025
4.36938
4.90954
5.48231
4.67387
5.15185
4.9466
4.7703
4.54939
5.50013
5.29071
4.90196
4.85457
5.44097
5.11545
5.05113
5.31652
4.96853
5.33946
5.09591
4.96036
4.8465
4.42146
5.3217
4.2362
5.10937
4.39785
5.14758
5.25571
4.70134
5.14443
4.76831
4.19284
4.5348
4.62938
4.86638
5.37366
5.16917
5.06878
4.99401
4.72314
4.73477
4.23005
4.82451
4.62807
5.2043
5.43711
4.96024
4.82287
4.87177
5.20633
5.28767
5.02548
5.23767
4.62185
4.67415
5.18813
4.89407
4.85663
4.62163
4.57898
4.69473
5.89715
4.99044
4.90878
4.59423
4.93437
5.67688
4.69866
4.73125
5.04537
4.98146
4.73403
4.68634
5.06586
4.83472
4.22517
5.57629
5.09364
5.3002
4.58504
4.69569
4.53976
5.03763
4.91106
5.12169
4.61828
4.40555
4.77518
4.64064
4.94522
4.71203
4.84616
5.12257
5.01246
5.31449
4.90722
4.73255
4.47982
5.34739
4.53815
4.91845
4.94932
4.37445
4.9872
4.83122
5.02135
4.45151
4.86432
5.12651
5.27346
4.9028
4.41012
4.51928
4.91871
4.65196
5.55056
5.21358
5.02459
5.33954
4.89668
4.52431
4.17325
4.72792
4.6811
5.75395
5.40149
4.99225
5.39352
4.40798
4.39462
4.17715
4.6575
4.4639
4.50614
4.78083
4.52376
4.45904
5.02219
4.88157
4.63267
4.63526
4.96376
5.45853
4.97
4.7205
4.03024
4.29285
4.83439
5.03786
5.11007
4.36625
4.70779
4.50734
4.27607
4.6139
4.61523
4.74417
5.17261
4.39252
5.3346
5.12449
4.83331
4.60981
4.99395
4.4607
5.07436
5.21254
4.233
4.366
4.59722
4.44006
5.07121
5.14657
5.14045
5.35808
5.534
5.23483
5.06581
4.31314
4.73744
5.2572
4.82283
5.37055
5.18073
5.11325
5.63433
4.56222
4.27467
4.93516
5.18014
4.59614
4.77738
4.49295
5.76461
5.12273
4.56797
4.52542
5.09694
4.40665
5.23932
4.99066
4.20486
5.19632
4.10642
5.10932
5.01169
4.76701
4.45675
4.58124
5.4783
4.58072
4.95372
5.22618
5.15184
5.52017
4.70646
5.16838
4.51639
4.73784
4.82591
4.75608
5.31925
4.45398
4.96487
5.1857
5.50631
5.00469
5.31603
5.13679
4.58396
4.43995
4.85478
4.72849
5.02571
4.43824
4.95624
5.13655
4.73827
4.93092
4.28079
4.81539
4.93879
4.80333
4.97092
4.97761
5.12641
5.40361
5.23156
5.83561
4.44678
4.95395
4.25782
5.23804
5.04131
4.99387
4.92875
5.23414
5.14576
5.39863
5.25431
4.50824
4.86715
4.55878
4.72016
5.01801
4.55742
5.0189
4.68687
4.86439
4.90468
4.86216
4.62169
5.3085
4.78184
4.91489
4.85767
4.78527
4.83287
5.00045
4.94388
4.71937
5.11918
4.65397
5.08143
5.43596
5.13285
5.41824
4.68251
4.38047
4.55209
4.38377
5.35587
5.46522
5.35891
4.77726
4.81432
4.50118
4.53688
5.10688
4.34372
4.90802
4.3876
5.30941
4.74044
4.71752
4.97219
4.39401
5.11503
5.4755
5.54334
4.17333
5.24324
4.92812
5.30657
5.21674
4.83093
5.16526
5.10283
4.22114
5.062
4.95396
5.01729
4.79349
4.68298
4.70846
4.32889
4.83068
4.55941
4.74693
4.68542
4.09126
4.85818
4.95104
5.29207
6.36576
4.79843
4.59756
5.24083
4.71207
4.8721
4.87892
5.2135
4.29607
4.95088
4.43377
4.5235
4.58652
5.15392
4.72299
5.2854
5.49807
5.05699
5.08912
4.83523
4.5513
4.45115
4.65235
5.16089
4.46415
4.85048
5.23974
4.49641
5.2679
5.00825
5.08091
5.50416
4.48977
4.36017
4.8204
5.11863
4.8913
5.52103
4.26742
4.70575
4.71911
4.65553
4.63842
5.31929
4.47949
4.07128
4.85777
4.25152
5.41068
5.04995
4.75244
5.14642
4.89489
5.71979
5.05668
5.65241
5.1778
4.70431
4.50486
4.54679
4.33938
4.87877
4.71909
4.98903
4.4733
5.07695
5.12734
5.0289
5.59347
5.24631
5.20649
4.94964
4.87442
4.62266
4.97483
4.57085
4.85788
4.89087
4.98344
5.03312
4.87263
4.26471
5.13892
4.72365
5.33725
4.99766
5.54232
5.4839
4.55925
4.93063
5.13842
4.93993
5.12863
5.09207
5.41443
4.83174
4.42797
4.51907
5.41739
5.02941
5.15864
4.49158
4.68551
5.43834
5.16666
4.86618
3.8823
4.47635
4.35508
4.92051
5.51694
4.17482
4.85331
4.66292
4.97895
5.1298
5.05469
5.32323
4.75849
5.07976
4.93115
4.32714
4.48392
5.04795
4.99749
4.79334
4.82383
4.62529
5.06827
4.76204
4.30563
5.15189
4.73613
4.28942
4.71347
5.48048
4.96171
5.20606
5.16874
4.93387
4.7142
4.75968
4.74953
5.11602
4.16341
4.58749
4.8424
4.92973
4.8321
4.86596
4.41311
5.31171
4.56878
4.47638
5.58311
4.50193
4.98247
4.82978
5.33948
5.50626
5.25776
4.81853
4.68188
4.60665
5.31224
4.99165
5.5485
4.76055
5.17742
4.80873
4.92506
4.98276
5.36733
4.77188
4.66152
4.96269
4.34222
5.0427
4.89355
4.91266
4.87697
5.15306
4.81292
4.77559
5.4043
4.71372
5.15501
5.14957
5.18997
5.70553
4.98231
4.93067
4.71806
4.26751
5.09855
4.90983
4.75642
4.61187
4.91874
5.51645
4.84361
5.06931
5.25147
5.28243
4.47823
4.07967
5.39818
4.02376
4.89567
4.64251
4.95342
4.4379
5.02751
5.84601
4.38344
4.52136
4.96291
5.28635
4.62008
4.80849
4.68002
4.93364
4.98658
4.79088
4.88987
4.80508
5.13721
5.02197
4.46616
4.57467
4.60908
5.37175
5.18051
4.80926
5.36464
4.981
5.16161
5.01186
5.59493
4.6579
4.32228
4.96969
5.06673
5.23963
5.39237
4.56628
4.70899
5.01678
5.13232
5.46131
4.82478
4.80471
5.6081
5.08727
5.02496
4.6037
4.48164
4.87416
4.87464
5.14814
5.06912
5.09088
5.47398
4.772
5.07605
4.59271
4.77365
4.75052
5.77127
4.72529
5.06655
4.92843
4.95401
5.19367
4.66466
5.2268
5.33142
4.77636
5.16299
4.56013
5.13278
4.50394
5.54438
5.11164
4.7719
4.85601
4.57489
4.45715
4.84176
4.86521
4.51196
4.72684
4.33602
4.45874
5.31344
4.48812
4.93313
5.08315
4.93908
5.53923
4.38972
4.85852
5.16543
4.86832
5.45636
4.70825
4.56631
4.72527
4.50888
4.6388
4.76137
4.32517
5.19202
4.84102
4.65483
4.97648
5.15141
4.93798
4.78711
5.10239
4.67173
5.17757
4.95817
4.69668
4.67078
5.08636
4.98639
4.30005
4.52982
4.90718
4.82806
4.65715
5.29095
5.23025
5.08816
4.43658
4.87492
4.45108
4.81266
5.04619
4.92148
5.05499
5.08745
5.11811
4.18198
5.15473
5.22413
5.17912
5.04666
4.6089
4.29536
4.80153
5.15169
4.12026
4.7073
5.19686
4.24637
5.06348
4.47533
5.40552
4.46183
5.39339
5.22292
4.99377
5.22988
4.95355
4.82331
5.15274
4.93053
5.17997
5.00082
5.54375
4.47895
5.01631
5.41989
4.49212
4.59113
4.76972
5.14436
4.40783
5.23806
5.28869
4.81245
5.30088
5.09456
4.88612
4.55413
5.17475
5.41488
4.9603
5.12146
5.25009
4.81533
4.63172
4.86643
5.25044
4.42006
4.5287
5.15632
5.31086
5.22988
4.41309
4.72741
4.71413
5.01886
5.00011
5.03594
4.3181
4.65426
4.98443
4.90717
3.9604
4.85931
4.95528
6.1786
4.81999
4.918
4.41648
4.48659
4.40254
5.04606
5.13338
5.19356
5.45648
5.34118
4.39308
5.18108
5.03574
5.01999
5.35057
4.95261
4.90942
4.67512
4.81107
4.72034
4.72893
4.19404
4.44737
5.31849
5.17221
5.045
4.6862
5.22328
5.10781
4.4028
4.78581
4.65373
4.60211
5.28562
4.86045
4.87954
4.56508
4.73072
5.1154
5.07397
5.15926
5.05363
4.86978
4.91426
5.00986
4.56972
5.02847
4.75899
4.7199
5.13242
4.54543
4.58489
4.76461
5.14655
4.69379
4.70019
4.5207
4.96837
4.77681
5.02605
5.02797
5.23838
4.62571
5.22983
4.90931
4.76386
4.86009
5.26903
4.55012
4.5902
5.07944
5.05935
4.73687
4.95189
4.21687
4.81928
5.03597
4.82444
4.60862
4.77228
4.85624
4.9061
4.54832
4.64579
4.59869
5.14789
4.81265
5.34141
5.44528
4.15496
5.40974
5.27162
4.54606
4.81577
4.90064
5.21373
4.51904
5.32765
5.27287
5.0416
4.80757
5.02051
4.64492
5.11166
4.5753
4.93166
4.66602
4.34799
4.77524
4.73262
4.826
5.02464
4.88797
4.59155
4.39121
4.69526
4.95447
5.40954
4.88178
4.68539
4.62018
5.45662
5.63693
4.48215
5.0411
5.24961
4.84188
5.01572
4.5697
5.17345
5.40412
4.93393
5.22588
5.19907
4.74975
4.37627
4.25225
4.83132
4.78801
5.13865
4.88506
4.70713
5.15601
4.63744
4.78224
5.07507
4.86912
5.17148
4.35811
4.88869
4.95106
4.78228
5.21776
4.7102
4.76336
4.04655
5.12708
5.49991
5.28002
5.29682
4.69503
4.22761
4.83503
5.18801
5.04691
4.69688
4.91297
4.18614
4.65956
4.52092
4.53986
4.47328
5.28648
4.67778
4.98318
4.92035
4.40688
3.83342
4.76102
5.03926
4.43383
4.51797
4.94402
4.62077
4.52091
4.72727
5.45735
4.57142
5.3115
4.62808
4.97137
5.27685
5.25782
5.10014
5.47591
4.71042
4.90182
4.88172
5.29635
4.36614
4.69146
5.02591
5.623
4.30998
5.493
4.70336
5.03155
5.16761
5.00662
5.30778
4.80759
4.05867
5.47077
4.65315
5.14324
4.87977
5.65081
4.76725
4.67384
4.93615
4.70393
5.29357
5.00802
4.54901
5.05478
4.62029
4.91106
5.1561
5.04232
4.63351
4.92185
4.41986
4.9446
4.84273
5.60308
4.45709
5.07835
4.47654
5.16645
4.44355
4.98621
4.8639
4.74793
4.86458
4.39138
4.8254
4.94641
5.26496
5.26652
5.06954
4.80439
4.74714
3.95783
4.71276
4.38262
4.60943
4.98278
4.55404
4.66381
4.54397
5.24181
4.69331
4.81568
4.61774
4.84712
5.48757
6.43891
5.00589
5.60207
4.96153
5.46811
4.78184
4.71296
5.57199
4.42066
4.90901
5.30521
5.43971
4.50134
5.53099
4.72851
5.33213
5.16644
4.50474
4.97515
4.65628
5.09565
4.86497
4.44031
4.87043
5.395
4.99279
5.21331
4.46424
5.24858
4.58864
4.63328
4.99162
5.90051
4.53898
4.7383
5.44896
5.2542
5.51003
5.10216
5.03554
4.92973
5.22401
4.56095
4.60345
5.03122
5.02173
5.19903
5.53895
5.13704
4.74205
4.82624
4.43113
5.12706
4.81162
4.46598
4.9858
5.20837
4.57953
5.09543
4.72859
4.67281
4.64694
4.29488
4.51628
4.8697
4.17275
4.77065
4.51227
5.26499
4.51495
4.58826
4.35389
5.43351
4.92599
4.59376
4.22761
4.67404
5.17172
4.67822
4.84089
4.88113
4.68725
4.5451
4.98573
4.62422
4.48457
5.19366
5.65006
4.79774
5.15169
5.16483
5.12044
4.65556
4.89741
5.21478
4.69256
4.80493
5.02947
4.72428
4.31214
5.00293
4.41056
5.39201
5.59663
4.95268
4.71091
4.76443
4.58044
4.34589
4.84346
4.43655
5.20175
4.54356
4.64741
5.17635
4.84376
4.97067
4.63303
5.09934
5.87821
4.27613
4.52383
3.89051
4.57479
4.49171
4.8081
4.44087
5.11824
4.65752
4.66005
4.28559
4.10594
4.95938
4.90489
5.0664
5.1932
4.85225
4.98639
4.47831
5.22522
5.29409
5.37801
4.76289
4.75978
4.55685
4.90617
4.03766
4.55026
5.1314
5.19034
4.69668
5.2553
5.06935
4.7791
4.92097
4.93161
4.02895
4.83021
5.10253
4.65611
5.19282
5.34245
5.21053
4.79906
4.88263
5.03882
5.01349
4.75077
5.28547
4.53648
5.21662
4.96203
5.15113
5.09003
5.42105
5.29616
4.74469
4.87847
4.76807
4.84067
4.84096
4.44387
4.87565
4.78569
4.86991
4.97052
4.72119
4.69927
4.96602
4.9822
4.20137
4.83568
5.56465
4.30534
4.12097
4.67784
5.04878
5.17811
4.92722
4.50929
5.0718
4.73327
4.81872
4.99294
5.13155
4.72321
4.65224
4.87129
5.2054
4.3089
5.0901
5.33558
4.42085
4.72251
4.36548
4.97893
4.65288
4.85605
4.77836
5.27535
4.66818
4.38846
4.80402
5.41926
4.83192
5.23293
5.02813
5.01788
4.37136
5.397
5.30709
5.48587
5.4158
4.56275
4.91307
4.43754
4.63278
4.12785
5.23283
4.46926
4.91141
4.17457
5.50048
4.73703
5.00649
5.60774
4.76557
4.30268
5.00199
4.93747
4.91459
5.21557
4.86422
5.10468
4.83496
4.79922
5.89554
5.03886
5.26018
4.3129
4.38218
5.48562
4.63099
5.44583
4.51195
4.73147
4.95144
4.31712
4.41565
4.51971
4.85946
5.63205
5.09752
4.86898
4.70845
4.78207
5.08694
4.73016
4.85319
4.76119
4.49836
5.16893
4.94045
5.35683
5.08157
5.45027
4.58367
5.12988
4.49123
4.92238
5.19966
5.18931
4.69575
4.45075
5.45997
5.04071
5.08359
4.49564
4.68628
4.9556
4.98803
5.51764
5.73955
4.45672
4.64799
5.12594
4.43899
4.74601
4.88073
5.05918
5.22425
4.71415
5.28655
5.09797
4.47652
5.11497
4.52807
4.07042
5.12816
4.78806
4.84414
4.78923
4.99076
4.56988
5.39746
4.83239
5.14765
4.77113
4.9307
4.61484
5.60218
4.80312
5.10345
4.6522
5.02214
4.49312
4.11689
5.16825
4.72626
4.95607
4.77374
4.48947
4.78769
5.35012
5.93358
4.78643
4.92938
5.85559
5.07172
5.19096
4.28054
4.73156
5.14089
4.62922
5.16551
5.59399
5.26107
5.11197
4.74786
5.07379
4.94822
4.70429
5.12791
4.88156
4.75974
4.82533
4.427
4.69239
4.54289
4.87778
4.8492
5.01994
5.38163
4.89416
5.1455
5.02486
5.01941
4.83556
4.82313
4.84958
5.7194
4.48793
5.16451
4.99263
4.78795
4.06132
4.9779
4.69226
4.50527
4.75131
5.68768
5.7161
4.90274
4.57288
4.60707
4.90291
5.15563
5.03207
5.45549
5.47826
5.34735
4.0862
4.04322
4.53092
5.11685
5.56683
4.44036
5.47536
4.75174
4.95158
4.87356
4.97031
5.24407
4.75147
4.96217
5.37179
4.47887
4.29681
4.8613
5.43001
4.93511
5.65607
5.33465
4.71297
4.86378
5.20676
5.12265
4.61256
4.67176
4.57366
4.30546
4.64058
4.68653
4.16938
5.56409
4.35946
4.46454
4.49855
4.4938
4.63009
5.25561
4.44272
5.29538
4.97516
4.3978
4.79402
4.8222
3.8249
4.58095
4.96003
4.87791
4.87622
5.02325
4.97632
4.53738
4.44078
4.60392
4.84186
4.81979
4.44375
4.9641
4.70241
4.93928
5.61679
4.54529
5.06859
4.78243
4.68294
4.4987
5.2006
4.78868
4.47927
5.31822
4.80275
5.31095
5.13903
4.57412
4.95671
5.09671
5.37758
4.68809
5.04457
4.72943
4.81117
5.5708
4.90774
4.57068
5.46208
4.8527
4.35189
4.69132
4.92229
4.94688
4.99256
4.5089
5.27992
5.46496
4.43186
4.38522
4.98244
5.15224
4.31377
5.45706
5.62071
4.37931
4.81113
4.98629
4.47926
5.12953
5.27619
5.33714
5.79666
4.53765
4.85689
4.95521
5.02397
5.11153
5.32878
4.39123
5.3182
5.02807
5.25776
4.50062
5.25194
5.18647
5.0083
5.35673
4.59521
4.40336
5.33508
4.39082
4.85695
4.81603
5.08661
4.75617
4.95856
4.81347
4.29802
4.44322
4.64012
4.55608
5.07692
4.80731
4.79949
4.53894
5.21589
5.12181
4.90297
5.18404
4.67455
4.64557
5.26128
4.74954
5.27303
4.76143
4.28118
4.45882
4.72553
5.00981
4.55046
5.00097
4.89992
5.08914
5.13213
5.33509
5.08216
5.32982
5.66696
5.06615
4.72376
4.83783
5.5824
5.00028
5.27326
4.99746
4.68401
4.90895
4.92024
5.30965
4.88547
4.7168
4.82505
5.42366
5.25826
4.80164
4.90889
5.0213
4.7586
4.31952
4.54122
4.45547
4.9206
5.07174
4.57161
4.68078
5.42317
4.95547
4.80337
5.00292
5.35899
5.27193
5.8509
4.39328
4.40904
4.78106
4.41508
5.30797
4.80445
5.33005
4.83844
5.00942
5.5488
5.09752
4.90019
4.5659
5.05971
4.96106
4.88103
5.2912
5.1034
4.67066
4.31649
4.81144
5.00673
4.59883
4.45253
5.16826
5.07678
4.84338
4.41629
4.80399
4.98759
4.93944
5.95286
5.00848
5.44902
5.18462
5.66143
5.03371
4.61777
5.05421
4.84946
4.82169
4.66531
5.06759
4.19766
5.4711
4.28293
4.90765
5.3155
5.24529
4.39401
5.63722
4.65061
4.75766
4.82792
4.97124
5.07549
4.8708
4.86867
4.29196
5.00793
5.42183
4.67941
5.39473
4.67979
5.37173
5.73502
4.6552
4.88042
5.09422
4.74218
5.17705
4.96386
5.31285
4.7526
5.11397
4.71308
4.96025
5.49384
4.6101
4.36236
5.52151
4.73788
4.55424
5.07647
4.45514
4.15703
4.8052
4.8629
4.70947
4.52355
4.79819
4.92923
5.01781
5.10078
5.39853
5.19443
4.86312
4.97056
5.35881
4.88014
4.8401
4.98259
5.08065
4.43186
4.69201
5.12117
5.82455
4.77293
4.77044
4.58771
4.7145
4.12728
4.33622
4.97859
4.92386
5.1353
4.68612
4.58278
4.72848
4.81664
4.16947
4.08674
4.23368
5.01099
4.57686
4.67474
4.674
4.73167
4.57271
4.98916
4.84628
5.71828
5.01566
5.46214
4.87975
4.84709
4.73772
5.14118
4.75883
4.01119
4.68487
5.21222
4.62882
4.78057
4.6253
5.16001
4.47592
4.66788
4.5676
5.05511
4.83855
4.87942
5.46229
4.64891
4.56504
5.7478
5.41984
4.93721
5.68086
4.57014
4.67583
5.06908
4.4287
5.14369
4.60872
4.80808
4.79543
4.6576
4.97842
4.72321
5.28194
4.69601
4.579
4.50229
5.21359
4.76425
4.59475
4.43147
4.96706
4.60107
5.03245
4.76839
5.54697
4.59164
4.80711
5.42124
4.75796
4.86604
4.14388
5.37477
5.42153
4.92354
4.70793
4.94141
4.68471
5.78138
4.66085
4.91708
5.28941
4.45519
4.56878
4.55408
4.85892
4.79375
5.41594
5.44415
4.82977
4.54389
4.98298
4.49372
5.104
4.5723
4.78046
4.23756
4.62787
4.98984
4.76217
4.85549
3.6649
4.86745
5.16808
4.53328
4.6925
5.29598
5.18594
4.85297
5.10612
4.89771
5.11974
4.60959
5.13744
4.44681
4.80388
5.09263
4.99086
4.76659
5.12746
4.45242
4.92439
5.01763
4.90383
5.6146
4.72795
4.97525
4.63612
4.90185
5.19598
4.65172
5.00031
5.1177
4.24759
4.68293
4.92433
4.97101
5.04385
4.76364
4.65421
4.97881
4.8001
4.71487
4.71042
5.08826
4.74002
4.14519
4.94522
4.60707
4.51704
5.03364
5.13691
4.50095
4.49166
4.61808
4.45496
5.07974
4.57102
4.2329
4.36206
5.12849
4.09288
5.02297
4.0832
4.68102
5.8055
4.61173
4.45978
4.54133
5.65261
4.69084
4.21831
5.00843
5.35748
5.588
5.06486
4.7601
5.27477
4.90041
5.24386
4.49946
4.63107
4.75229
4.38268
4.34604
5.17215
4.92951
4.59742
5.28206
4.96728
4.65316
4.85454
4.77626
4.92644
5.13904
4.82233
4.70041
4.48959
4.44405
4.71476
4.5551
5.48727
4.12777
4.84525
4.89287
4.52855
4.24099
4.70739
4.77753
5.53697
4.87776
5.80338
5.69808
4.58118
4.94357
5.16395
4.64579
4.51403
5.0555
5.2186
5.34442
4.94167
4.73745
5.01977
4.68375
4.3495
5.16341
5.10312
4.99114
4.36498
4.60823
4.2481
4.9256
4.87901
4.31021
4.8659
4.68079
5.05488
4.72692
4.50429
4.70303
5.00588
4.75481
4.71816
4.89557
4.92172
5.04807
4.81154
4.59671
4.60072
5.23277
5.31944
5.17631
4.82751
4.86351
5.24695
4.53222
5.3424
5.03546
5.30021
5.56576
5.03416
4.60943
4.8803
4.68514
4.91247
4.64312
4.49197
4.31712
4.44243
4.79242
4.94061
5.20778
4.99379
4.53623
5.12703
4.57676
4.46986
4.75163
5.04731
4.95181
4.79936
4.38808
5.34011
4.74384
5.00685
4.68356
5.51665
5.29167
4.82858
4.77116
4.68037
4.91429
4.95034
5.13053
4.62829
4.92224
4.76797
5.14344
4.88294
5.18169
5.35402
5.02863
4.23033
5.66365
4.63856
5.06087
5.44756
4.25184
4.26885
5.29934
4.44061
4.45472
6.21204
4.95303
4.58656
4.40427
5.09159
4.42802
5.15856
4.98159
5.09595
4.92405
5.1283
5.14741
4.63907
5.5719
4.58601
4.98152
5.25925
6.02027
4.63066
5.03916
4.60386
5.06499
4.88675
5.02263
4.5993
4.48324
4.42446
4.95191
4.93498
5.65937
5.16984
4.66355
4.8256
4.76908
4.49408
4.38851
4.48104
4.20437
4.13954
4.52727
5.10663
4.89988
4.83777
4.65516
5.53631
4.76531
4.62118
4.17196
5.01271
4.9261
4.73144
5.15254
5.31529
4.92713
4.39826
4.65708
4.38635
5.12367
4.796
4.52417
5.04547
4.70305
5.06339
4.55589
4.9206
5.04571
4.46268
5.33361
4.98627
4.65094
5.04692
4.42201
4.98069
5.21081
4.83663
4.83799
5.08031
4.55756
4.55808
4.16221
4.73804
5.29092
4.75323
4.06723
4.50539
4.88196
5.76751
4.57301
4.76987
4.7427
4.52466
4.1774
5.34583
4.90449
5.19854
5.44898
4.44842
5.10645
4.89685
5.67515
5.24998
4.19904
5.13138
4.64149
5.81379
4.56384
5.09185
4.76072
4.74801
6.00162
4.82195
4.51774
4.52048
4.95407
4.61289
4.82413
5.58287
5.07245
5.70118
4.45279
4.62079
4.83232
4.966
4.88719
4.7909
5.32908
4.69148
4.70715
4.59384
5.08365
5.21992
4.73498
5.50017
4.62482
4.61864
4.91619
5.00329
5.06485
4.36895
4.32222
5.42404
4.82783
4.69829
5.84523
4.55288
5.1131
4.90657
5.2022
4.89843
4.67638
4.39733
4.54448
5.06777
4.71844
4.65741
5.06024
5.29787
5.01926
5.23143
5.23945
5.35347
5.47617
5.18945
4.57909
4.56676
4.63535
5.3288
4.94959
4.88018
4.57813
5.81147
4.45454
4.50698
4.08633
5.01689
4.83742
4.26245
4.36112
4.87419
4.98447
5.29275
5.07667
4.98714
4.63958
4.98414
4.75895
5.46246
4.08967
4.97089
5.2113
5.16277
5.41528
5.21401
5.26328
4.73226
5.28779
4.50377
4.76242
4.73771
5.3155
4.67488
4.82574
4.77063
4.68461
4.66897
4.79911
5.22572
5.12315
5.00666
4.68435
4.10718
4.65269
4.51984
4.41747
4.63146
4.22009
5.05871
4.91134
4.9856
5.19327
4.59739
4.84499
5.05181
5.41247
4.72468
5.1312
4.68409
4.91973
5.24405
5.59869
4.88345
4.23182
5.26442
4.96569
5.53363
4.9262
4.92873
5.12647
4.41004
4.36228
5.2689
4.1596
4.4624
4.49469
4.72538
5.70793
5.21005
5.72551
4.83362
4.88939
5.21465
4.61235
4.32181
4.5581
4.12372
4.82657
5.20227
4.67514
5.29033
5.04568
4.38263
5.0224
4.70785
4.75273
4.69444
5.12416
5.15935
5.3572
5.07557
4.87587
5.16335
4.70867
4.52271
4.52335
4.8844
4.69839
5.35215
4.65889
5.2961
5.2462
4.93697
4.58529
4.42532
4.7177
4.68651
4.60626
5.22842
5.02492
4.40916
4.7923
4.87125
4.46976
4.72743
5.59238
4.7387
5.32546
5.57521
4.44137
4.864
5.00842
5.0805
5.4674
4.76043
5.30655
4.94197
4.9177
5.2164
5.16182
4.7469
5.05836
4.63818
4.71408
4.57481
4.50098
4.70507
4.29402
4.87135
5.12305
4.94219
4.99915
5.16411
4.87741
4.94631
4.54527
4.52313
5.09189
4.30472
4.61325
5.40374
4.68609
5.4182
4.14295
5.32409
4.74707
4.9082
4.75104
4.5623
4.56339
5.0467
4.96001
4.58784
4.87849
5.23139
4.31048
4.72965
4.28601
4.58428
4.78205
4.80468
4.75776
5.37748
5.18633
4.35817
4.86545
5.45485
5.23377
4.42384
5.02994
5.34995
5.06805
5.37867
5.38238
4.63233
4.97114
4.26626
5.21771
5.0196
4.29755
4.92908
4.59384
4.96204
5.31836
4.3095
4.70012
4.87242
4.55522
4.60645
4.87716
5.05423
4.88558
4.59065
5.081
5.28275
5.56581
4.9602
4.90751
4.365
4.95973
4.99396
5.10148
4.48084
4.36778
5.15717
4.55886
4.61231
5.5326
4.65843
4.59298
5.09466
5.61492
4.81537
4.31825
4.66855
4.65899
4.6342
4.74068
4.59421
4.55958
4.77583
4.46604
4.49058
5.21061
4.72088
4.51039
4.50224
5.66802
4.54414
5.25271
5.07511
4.75117
5.06687
4.29132
5.17188
5.61074
4.4978
4.94387
4.78045
4.52005
4.82813
4.61305
4.25712
4.85225
5.15995
3.96757
5.27235
5.17294
4.52672
4.09698
4.32386
4.6658
4.90863
5.05433
4.53444
4.62262
4.87868
4.60809
4.52957
4.32813
4.69155
5.74322
4.45564
5.15883
4.66285
4.79007
4.65175
4.7989
4.87193
4.69542
4.68577
4.84901
4.93792
5.01524
4.88011
5.26355
4.46091
4.95447
4.90322
4.72445
4.51118
5.01623
4.60951
4.76807
4.49712
5.24348
4.68554
5.24993
5.47294
5.27491
5.31151
5.57275
5.20933
4.96963
4.68245
4.66271
4.80761
5.04472
4.80574
5.10871
5.19719
4.99539
4.81334
4.78016
4.52657
4.92979
5.58488
4.81763
4.83698
4.67856
5.42351
4.80159
5.03898
4.94866
4.89038
5.11637
4.30452
4.91651
5.78256
4.99948
4.79506
4.61313
4.75789
4.79381
4.82667
5.92736
4.3245
4.55312
5.17941
5.20958
4.77238
4.77635
4.60285
5.50364
5.68754
4.68786
4.58919
5.02289
5.23754
4.52271
5.42628
4.72296
4.86675
5.09179
4.43837
4.64801
4.77426
4.43655
4.88947
5.03053
4.98949
4.78529
5.45023
4.79104
4.68303
5.41648
5.0722
4.85733
4.53549
4.7471
5.29189
5.18284
4.56973
5.1977
5.22782
4.51061
4.53177
4.88091
4.93938
5.28145
4.48901
4.19386
4.69327
5.18776
3.88347
4.32536
4.47934
5.19528
5.04237
5.27487
5.38499
4.52414
4.53952
4.5478
4.90226
5.06865
4.63747
3.99658
4.52701
4.34525
4.39279
4.27836
5.01472
4.84182
4.85223
5.41837
4.21229
4.83895
4.79075
5.2989
4.97091
4.88604
5.58796
4.95004
5.21825
4.46245
4.86193
5.40156
4.75832
4.38458
5.16382
4.3636
5.1217
4.95542
5.32721
5.02785
5.08196
5.0195
4.92947
4.43485
5.04364
5.09951
4.6
4.85932
4.85596
4.65188
5.12623
5.16419
3.85486
4.2132
5.39616
5.10183
4.91409
4.89658
4.39796
4.91101
5.11176
4.7453
5.04627
4.8581
4.8745
4.73291
4.54802
5.06147
5.40385
4.72075
4.41116
5.20766
5.03699
4.91429
4.73603
4.35752
4.67707
4.51409
5.58647
5.20521
4.54655
4.71128
6.16351
5.15949
4.27913
4.48978
5.0591
4.14354
4.46198
5.21218
4.9022
4.39099
4.79318
5.86336
4.82172
5.51284
4.4267
4.91102
4.203
4.883
4.66551
4.40421
4.8628
5.37333
4.75831
4.49882
4.01584
4.43502
5.77231
4.644
4.63406
5.6275
4.59569
4.77644
4.95059
5.51514
4.46318
4.78295
4.45309
4.60374
4.83084
5.19255
5.54106
4.15282
5.21118
4.39775
4.41404
4.5992
5.34962
4.76206
4.34466
4.90607
5.03514
4.77068
4.2375
5.57925
4.41973
5.01455
4.64728
5.61372
4.52356
5.07179
4.86455
4.77971
4.78445
4.77644
4.86208
5.09116
4.66813
5.07117
4.88572
4.69425
4.84426
4.76131
5.20334
4.66001
4.81624
4.97588
4.85842
5.18106
4.90531
5.05812
5.0638
4.41866
5.78991
4.65347
4.45133
4.63995
4.47705
4.86222
4.38655
5.27544
4.49625
4.2039
4.6313
5.03406
4.86835
4.93439
4.74223
4.7016
4.60971
3.81634
4.89274
4.82985
5.18894
4.12515
4.78289
4.60097
5.00353
4.86245
5.04221
4.9236
4.8502
4.50464
4.38325
4.83136
4.971
4.3973
4.84658
4.2882
5.3104
5.06615
4.71356
4.89839
4.92225
5.1115
4.85945
5.13644
4.92174
4.89106
4.76212
5.18776
4.99057
5.56879
4.69077
4.27536
4.59279
4.44052
5.07783
5.29108
4.88717
4.71626
4.53746
4.82298
5.13999
4.72524
4.8735
5.09281
5.25625
5.68839
6.16508
4.92068
4.94401
4.3212
4.31602
4.41841
4.93195
3.95404
4.79178
5.26574
4.65664
5.42133
4.86988
4.57978
5.18568
5.05734
4.97117
4.71379
4.95993
4.54575
5.29878
5.20775
4.81298
4.73381
4.85441
4.74527
4.71661
5.23893
5.07291
5.17058
4.2792
4.72554
4.47592
5.11233
4.85324
4.3427
4.95925
4.65439
4.77622
5.20128
4.5894
5.06708
4.75661
5.2165
4.67154
5.36781
4.61892
5.24104
4.05871
4.53152
4.78095
4.37358
5.12951
4.17156
4.33589
5.14101
5.16361
4.74933
4.85191
4.89629
5.04098
4.70048
4.6487
5.08058
5.09834
4.85004
5.00547
4.64091
4.76454
4.34157
4.99409
4.65443
4.85335
5.32071
4.60077
4.50134
4.62804
4.63434
5.04065
4.92207
4.6864
4.94716
5.28731
4.42475
4.62833
5.22821
5.04797
4.44202
5.11266
5.0369
4.81741
5.881
4.98216
5.14902
4.92307
4.84962
4.33816
5.38699
5.38857
5.05251
4.59485
4.85035
4.99238
4.74479
5.11143
5.12379
4.8909
5.66649
4.40801
5.42533
5.09243
4.01397
4.36042
4.99227
4.84202
4.41131
5.28675
4.97801
5.1217
4.97266
4.40374
5.06224
4.94207
5.84403
5.09087
5.09947
4.9546
5.11802
4.43386
4.72536
4.19003
5.26743
4.7863
4.84556
4.74513
4.81117
4.72144
4.27829
5.91494
4.64457
4.93377
4.71571
4.95228
4.7594
4.93193
5.39408
4.99633
4.83777
4.52891
4.4813
4.5209
5.52545
4.4902
5.03451
4.65692
4.66203
4.67968
4.99599
4.92741
5.30951
4.58142
4.97472
4.35416
4.95423
4.47017
4.994
3.90379
5.32943
4.8724
4.46953
4.66988
5.16785
4.19899
5.17
5.21115
4.97631
5.04785
5.54425
4.89185
4.93383
4.7088
4.538
5.28366
5.43484
4.75708
5.08316
5.07439
4.94677
5.41399
5.15851
4.6472
4.89646
4.81876
4.83405
4.34074
4.48919
4.79569
4.64318
5.4155
5.04555
5.00029
5.56164
4.82533
4.66553
5.00376
4.72403
4.04285
4.76324
5.07737
5.08933
5.34965
5.08708
5.17194
4.72807
4.72353
4.36125
5.03631
4.95142
4.64816
4.85532
4.9454
4.70438
4.6251
4.7134
4.71071
4.29671
4.81232
5.27815
4.96145
4.94327
4.73584
4.76997
4.10583
4.85779
4.45501
5.35867
4.70645
5.34421
5.1717
4.90914
4.39738
5.14492
4.80844
4.53467
5.24333
4.82803
4.85328
4.61253
4.68859
5.13966
4.75244
5.53377
4.59208
4.98787
4.76939
4.84534
5.01615
5.10997
4.52111
5.63692
4.68668
4.65092
5.06919
5.58369
5.01807
5.31821
4.6282
4.52841
4.81264
4.87639
5.2318
4.95994
4.54451
5.23641
4.97273
5.2634
4.30516
4.82689
4.55089
5.82266
5.12797
5.28928
4.56954
4.30191
4.90348
5.21795
4.61208
4.70139
4.6938
4.5622
5.55259
4.68441
4.4953
4.88651
4.88968
4.76352
4.82813
5.41625
5.28783
4.6679
4.80591
4.47996
5.01571
4.66767
4.90586
5.06068
4.58499
4.47823
5.23435
5.14098
5.0417
4.53685
4.92776
4.77761
5.72803
4.60011
4.50836
4.59472
4.48841
3.99628
5.12468
4.60311
5.31563
4.76564
4.90943
4.86847
4.74527
5.08965
4.24011
5.21839
4.82671
5.05627
4.69406
5.01935
4.68702
5.06
5.1258
5.05144
5.55773
4.60415
5.49909
5.04345
4.59987
4.70614
4.66762
5.24137
5.21133
4.45999
4.76355
5.24508
4.43029
4.54795
4.67154
4.8889
4.47075
4.70576
4.66066
4.67699
5.28579
4.53324
4.49838
5.02744
4.92244
4.95126
4.83453
4.93492
5.24304
4.28904
5.06266
4.51596
4.4063
4.80682
4.66602
4.55546
4.56352
5.28206
5.3199
5.22519
4.83215
4.71184
4.46179
4.37207
5.08172
4.5198
4.93127
4.73593
4.70779
5.18273
5.20274
5.06523
4.25904
5.23377
4.62787
4.39112
5.11371
4.68272
4.62458
4.62756
4.73333
4.69646
4.58628
4.71676
4.37264
4.55857
4.49118
4.5308
4.84642
4.43289
4.29999
5.43191
4.49994
5.03702
4.33771
4.50392
4.84389
5.48224
5.09864
4.00795
5.5125
4.93923
4.77864
4.45329
4.88007
4.41478
4.80417
5.06763
4.67992
4.50037
5.09423
5.47682
4.64889
4.49707
5.25253
4.95289
5.57292
4.92833
4.86408
4.80328
4.91469
5.09903
5.01625
5.14458
4.07993
4.54782
4.87966
4.84456
4.81878
4.98764
4.51097
4.70314
4.82287
4.82665
4.82762
4.84458
5.28925
4.2242
5.12579
4.92019
4.93973
3.77233
4.78531
4.26268
5.3531
4.86898
4.70676
4.35355
4.83893
4.57074
5.04624
4.9607
4.95398
5.29152
4.14923
5.52091
4.77276
4.90263
4.40367
4.41942
4.86537
4.6268
4.94325
5.24974
4.56752
4.68601
5.00544
5.09223
5.52334
4.58175
4.90232
5.13144
4.85756
4.56835
4.11355
4.58435
4.52246
5.23428
4.78225
4.76594
4.8516
4.88299
4.76302
5.06846
4.62641
4.09448
4.78915
4.52836
5.38446
4.8707
4.95588
4.63193
4.14688
4.67693
5.58999
4.97674
5.74609
5.61791
4.90733
5.08731
4.81343
4.37281
5.06533
5.07915
5.11238
4.42905
5.02642
5.03579
5.42742
4.55811
5.34726
4.22219
4.34871
4.01441
5.16919
5.04652
5.3711
4.69976
5.69746
4.76174
5.01037
5.26573
5.21177
4.91939
5.14867
5.06292
4.88286
4.90441
4.92312
5.34466
4.66141
4.77933
4.25773
4.50118
4.65345
4.08131
4.30263
5.15603
5.14067
4.72605
5.13029
5.43803
4.98953
5.60903
5.03179
5.58832
4.66273
4.34542
4.80844
4.74154
5.25764
4.15027
5.00524
4.2014
5.08957
5.37155
5.55941
5.13982
5.19804
4.57403
4.95416
5.11546
5.61093
4.89738
5.91168
4.50776
4.58182
4.92008
4.45135
4.64567
5.09686
4.55784
4.53857
5.20043
5.43703
4.40495
4.53714
5.20688
4.6347
5.18192
5.31045
5.09988
4.71595
5.05339
4.58688
4.86043
4.96145
5.11119
5.05525
5.02281
4.92739
4.56193
5.18567
4.74859
5.09103
4.84399
4.88318
4.71719
4.61669
4.92548
4.38859
5.03389
5.19119
4.4097
4.62271
5.61495
4.87791
4.84974
4.85203
4.36
4.85682
4.61458
4.75146
5.07096
5.08102
4.33118
4.74328
5.0217
5.20452
4.39565
4.95973
4.70139
4.65127
5.29319
4.86705
4.88959
4.43989
4.58897
4.64162
5.26895
4.70868
5.46776
5.0922
4.89304
5.46806
4.29839
4.73466
4.20271
4.50124
5.20174
4.81786
4.41382
4.68014
5.26806
4.49805
4.3787
4.73425
4.96171
4.67769
4.74932
4.15985
4.53679
4.83647
5.24214
4.78941
4.36325
5.68504
5.19391
4.43541
4.45727
4.82408
5.30412
4.41134
4.88576
4.36888
4.43583
4.75842
4.83252
4.86607
4.84971
4.61823
4.96689
5.10168
3.89133
4.41912
4.82943
4.75248
4.54118
5.16665
5.01493
4.73835
4.59183
5.65424
5.10049
4.59933
4.9038
4.2412
4.87466
4.8926
4.61171
4.94024
5.14063
4.87147
4.94004
4.98396
4.71053
4.36125
4.84929
4.27822
5.11688
5.4015
4.72723
4.99331
4.66524
4.98126
5.6169
5.02739
5.34416
4.42656
4.65198
4.28967
5.15514
5.32925
5.22233
4.79652
5.04122
4.91828
4.25038
4.20596
4.95977
4.66901
4.94755
4.89685
4.3551
4.99075
4.87198
4.74049
4.8234
4.52059
4.88795
4.84205
4.50329
5.00915
5.40841
4.99303
4.81517
4.62517
4.3309
5.05469
5.2752
4.45412
4.9571
4.79073
4.92455
4.67143
4.78663
4.75371
4.43986
4.70022
4.51061
4.35681
4.81438
4.576
4.85978
5.01004
5.0409
4.6265
5.29733
4.85092
4.2007
4.44924
5.82334
4.41966
5.11492
4.92708
5.33619
4.58253
5.24651
4.96661
4.73855
5.31898
4.77553
4.86475
4.79998
4.80841
4.00987
4.54164
4.94342
5.32682
4.82022
4.61297
5.15809
4.08996
4.77242
5.2477
4.7144
4.16712
5.1277
4.78126
4.15149
4.88644
4.48756
4.80725
4.61622
4.75053
4.93173
4.63765
4.75561
4.78566
5.41877
5.10457
4.588
4.90001
4.3981
4.70432
4.84819
5.0113
5.37365
5.22791
5.09538
4.93736
4.74634
4.66363
4.64461
5.03157
5.06876
4.87742
5.20937
4.62386
4.80602
4.62315
5.01547
4.43814
4.57779
5.17648
4.70209
5.19464
4.23809
4.55727
5.13959
4.61256
4.03835
4.73028
4.08952
4.96074
5.38698
4.70071
5.48098
5.33571
5.08323
5.09008
4.45946
4.3351
4.56828
5.25249
4.26928
4.5354
4.97828
4.47548
4.74171
4.79085
5.01713
4.77223
4.4585
5.02323
4.19485
4.89077
4.83401
4.56717
5.21793
4.87046
5.02936
4.81633
4.44166
4.81015
4.88086
5.01572
5.16325
4.66024
4.86433
4.54749
5.35693
4.91443
4.27484
4.71363
5.1186
4.86347
4.88754
5.28769
5.26382
5.33864
4.71029
4.84655
4.73804
4.89454
5.27781
4.53298
5.73586
4.8771
5.21357
5.14107
4.52372
4.39357
5.24643
4.30259
4.47739
5.30245
4.67171
4.83481
5.23883
4.89375
4.79687
4.57267
4.49128
4.62424
4.7946
5.23964
5.48878
4.87902
4.87527
4.41943
5.69973
4.59257
5.44772
4.87262
4.78989
4.60471
4.77587
5.00105
4.76011
4.77475
4.60695
4.83391
4.46742
4.4022
5.2526
4.41794
5.05925
4.59401
4.83332
4.69258
5.25874
5.66999
4.92749
5.37171
4.71271
4.15664
5.00231
5.12134
4.76532
4.29188
4.9508
4.45555
5.02265
4.89434
4.66777
5.04266
4.33185
5.13946
5.149
4.97168
4.83307
5.12478
4.47449
4.4636
4.15098
4.71712
4.45132
5.14912
5.30962
4.78957
4.5384
5.21477
5.34521
4.7687
4.66568
5.16336
5.08276
4.89386
4.50786
5.30159
4.56013
4.64327
4.87369
4.8605
5.21415
5.21182
4.30225
5.55623
4.80597
4.48294
4.39695
4.39074
5.25468
5.36223
4.6986
5.40472
4.76321
4.39705
4.32082
5.29411
4.04708
5.45255
5.13787
4.71369
5.12719
4.98812
4.53725
5.17927
4.32185
4.94488
4.81918
5.20549
4.85839
4.48834
5.24625
5.20225
4.74786
4.55881
4.75144
4.81785
4.62367
4.29403
5.64159
5.16334
5.18813
4.19511
4.80662
4.62053
4.63138
5.69605
4.29011
4.8319
4.78678
5.40504
5.01328
4.81766
4.7832
4.92174
4.26817
4.40065
5.33911
4.63108
5.23425
5.30317
4.74403
5.45199
4.61893
4.70337
5.1456
4.41446
4.67562
4.40382
5.50859
4.71123
4.76737
4.22532
4.9887
5.21304
5.26736
5.4068
4.43255
4.20205
4.54495
4.95355
5.16603
4.68504
5.16582
5.03842
4.77888
5.39363
4.68548
4.47388
4.70825
4.57753
4.98376
5.5127
4.97762
4.32848
5.29067
5.67619
5.03125
4.89273
5.42791
4.60954
4.71448
4.66347
4.54159
5.19763
5.02955
5.18595
4.5463
4.68434
4.33169
4.45275
4.77321
5.05241
4.49941
5.54433
4.95049
4.62441
4.54977
4.45328
4.66519
5.10864
5.39762
4.78456
4.85818
4.76682
5.01059
5.30094
5.60056
4.16455
4.64104
5.06451
5.0033
4.91906
4.81681
5.10858
4.23861
4.25351
5.08261
4.97091
4.45729
4.72202
4.86116
4.88969
5.55361
5.18786
4.61778
5.18951
4.59531
5.05087
4.97832
5.18954
4.87911
4.99583
4.03406
4.34242
4.85085
4.96634
5.28785
4.21466
5.25305
5.32061
4.48043
4.32032
4.44693
4.49868
5.19156
5.19583
5.74414
5.04096
5.14377
4.12829
4.78271
5.0854
4.61733
4.8891
4.64701
5.03355
5.85362
4.77246
5.66224
5.17794
4.27532
4.84006
4.67337
4.83815
4.56167
5.53733
4.95391
5.15928
4.73887
4.69628
4.53779
4.77278
4.90879
4.75634
4.43283
4.86405
4.22989
4.57099
5.16792
5.31513
5.08681
5.2442
4.90522
4.98304
5.13434
4.48968
4.68883
5.39155
4.87927
4.91281
4.76654
4.61108
5.48378
5.28563
4.73333
5.0031
4.93553
5.18936
5.03338
4.64682
5.40037
4.80563
4.80011
4.7021
5.02651
4.89117
5.31953
4.29445
4.13869
4.91345
5.08658
4.48892
5.2591
4.71205
4.30498
5.24122
4.69705
4.89438
5.17772
5.14179
4.71661
4.94135
4.77088
4.99321
5.30073
4.70411
5.3941
4.7663
4.97392
5.23187
4.47232
4.69493
4.81765
4.6795
4.7626
5.69172
5.11959
5.07439
4.34087
4.5066
4.89198
4.69737
5.21555
4.64181
4.72055
4.887
4.5784
4.98912
4.6937
4.83504
4.70681
5.08303
4.59477
4.47957
4.93381
5.33374
4.63634
5.23975
5.45513
4.85256
4.94586
5.25031
4.6092
5.17571
5.14901
5.24448
4.51385
4.68828
4.85596
4.63202
4.75179
4.65226
5.1774
5.05621
5.01477
4.63141
4.73542
4.72271
4.47446
4.9312
4.78275
4.36635
5.04623
5.26785
5.32976
4.59316
5.30167
5.21502
4.74636
4.66907
5.62753
4.61478
5.27871
4.74055
4.28187
4.78081
5.02211
4.43953
4.49506
4.64308
4.8038
4.67844
5.03197
5.27258
4.52476
4.4927
4.86557
4.899
4.54969
4.46843
4.71758
4.78434
4.58598
5.20454
4.67858
4.66186
5.40329
5.04901
5.79326
4.46664
5.17237
4.9275
4.97865
4.97249
5.35199
4.54414
4.63865
4.65428
5.02849
5.47591
4.23803
4.87803
5.13777
4.77035
4.8514
4.84343
4.52107
4.72194
5.1671
5.47116
4.94344
4.36786
4.75647
5.14492
4.50724
4.88788
4.9321
4.28145
4.81905
5.1121
5.06081
4.94415
4.90278
5.08451
4.63524
4.9062
5.11753
5.16369
4.79944
4.47354
4.27497
4.96535
4.79841
4.86781
4.65859
5.11404
5.34221
4.77031
5.31619
4.72659
4.97782
4.93209
4.52218
4.4237
4.79425
5.20647
4.95511
5.53963
5.0894
5.78079
4.65498
4.66156
4.88634
4.27019
4.89525
4.79413
4.59489
4.65321
5.85709
5.36605
4.69235
4.99496
4.59145
4.8499
5.58291
5.21081
4.36293
4.83167
5.32393
4.57732
4.60966
4.85693
5.17351
4.69771
4.68325
4.14017
4.91412
4.98075
4.54641
5.09725
4.39466
5.02982
4.31595
4.46518
4.54567
4.8081
4.0305
4.44801
4.75129
4.51691
4.52841
5.3442
4.84408
5.28901
4.92363
5.37429
4.90604
4.82237
5.04084
5.42378
4.65659
4.79408
4.19729
5.11552
4.48056
4.66969
5.01935
4.79678
5.14186
4.41221
5.21086
4.64818
5.20719
4.91843
4.34559
4.41064
4.41492
4.91822
4.93514
4.59331
5.06659
5.15956
4.77173
4.77277
4.39032
4.8385
4.99794
4.74636
3.94369
5.04737
5.61127
4.38133
4.44968
4.59004
