92.057
13.3286
11.3593
12.4866
11.7227
11.7692
11.3498
10.8992
9.15105
9.33932
7.89117
7.54248
8.30348
7.58492
8.07301
7.97636
6.57896
6.55354
6.43189
6.50819
6.67767
6.66209
5.67705
5.87761
6.35758
6.38129
6.47985
5.68453
5.92311
5.5198
6.99062
6.3406
5.91897
6.6071
5.53288
5.81338
6.09458
5.8741
6.00505
5.88362
5.83538
5.24937
6.0414
6.85655
6.46573
5.63996
6.17474
5.53017
6.4261
5.81067
6.04423
6.02707
6.40593
6.82177
5.46856
6.18021
5.658
5.89997
5.24683
6.28821
5.36109
6.14682
5.97389
5.9191
5.6687
5.9966
5.78047
6.26041
5.8423
6.31135
6.48791
6.44515
6.1979
6.03975
5.91897
6.25924
6.00332
5.74996
5.49654
6.04449
6.46525
5.83725
6.12886
5.84742
6.13034
5.36768
6.19131
6.24213
5.80847
5.96165
5.92124
6.08437
6.57399
6.39629
6.35915
6.05255
6.25702
6.15335
5.43059
5.86564
5.66389
6.02177
5.58137
6.43221
5.89975
5.71643
5.24187
5.69295
5.73506
5.30884
5.74523
5.60345
5.51483
6.15008
5.98764
5.5073
5.34097
5.18361
5.67957
5.86395
5.93812
5.34509
6.08152
5.47387
5.36349
5.60051
6.09543
6.47026
5.69743
5.83419
5.16234
5.75283
6.35407
5.19499
5.98442
5.71512
5.6182
5.6597
6.50877
5.29353
5.8944
6.05564
6.86098
6.35981
6.05352
5.33025
5.78054
5.56999
5.65097
5.87034
6.12797
5.54243
5.91502
5.79884
5.80444
5.78898
6.1189
5.49065
7.14366
5.38366
5.97511
6.43769
6.15702
6.09636
6.00108
6.07114
6.12505
5.40036
5.57886
5.42798
5.84874
5.9838
5.87079
6.13079
6.91257
5.77277
6.10567
5.26107
5.48433
6.21028
5.34027
5.4072
6.51304
5.86293
5.77788
5.9103
6.12675
5.35576
5.3135
5.68826
5.88847
5.99929
6.27977
6.5448
5.59289
6.12525
5.67866
5.45747
5.77076
6.09945
5.78045
5.26226
5.69224
6.34779
6.09748
6.15768
5.63803
5.5798
6.25301
5.82536
5.70184
4.85862
5.9955
6.07597
6.17119
6.51426
4.9052
6.54528
5.58932
5.47799
6.12958
5.71767
5.85203
5.75463
5.66998
6.11047
6.65897
6.03142
5.37302
6.29099
5.74595
6.57974
5.7636
5.62257
5.6695
6.38546
5.53159
5.90412
5.91105
5.22783
5.74357
5.89581
6.83395
5.95878
5.69989
5.81099
5.84352
6.25255
6.1501
5.36685
5.65782
5.61848
7.11502
5.75056
5.69107
5.72207
6.502
6.45824
5.47148
6.39948
5.05171
5.91579
5.32513
6.3036
6.13683
5.7449
6.86737
6.37285
5.54199
5.97697
5.70274
5.30555
5.74072
5.89409
5.52087
6.28574
5.62528
5.62739
5.80601
5.66062
5.92409
6.2956
5.52233
6.10641
6.03295
6.26896
5.12948
6.30843
5.97682
5.81563
5.7003
5.42312
6.14048
5.77634
6.021
5.74653
5.9075
6.00947
5.51508
6.65179
5.98832
6.02295
5.58809
5.90535
6.10522
5.84547
5.72105
6.00407
5.55961
5.57115
5.99708
6.7816
5.78846
5.61882
5.79735
6.37587
5.59796
6.10242
6.00376
5.75622
6.12918
5.93765
5.54597
6.45676
6.771
5.81901
6.23308
6.04451
5.825
6.64449
5.8002
5.6346
6.47886
5.93805
6.03182
5.84332
5.56134
6.19895
6.02059
4.86868
5.64061
6.16801
6.06164
6.23691
5.84692
5.89122
5.83156
5.61193
5.91069
5.94287
5.43975
5.49486
6.08499
6.00395
5.06505
5.95029
6.16352
5.69876
7.38389
5.66751
6.30717
6.59373
6.5571
6.17456
5.77551
6.12047
5.51261
6.35032
5.41654
6.18626
5.85282
5.69255
5.53651
6.03487
6.03249
5.83036
5.89267
5.75118
5.66565
5.91306
6.17112
5.72722
5.44362
5.68101
6.13759
6.70363
6.09764
5.94024
5.84662
6.1541
5.31183
5.82132
5.97697
5.90217
5.96477
5.96083
5.79253
6.56742
6.14187
5.93608
5.80596
5.74701
5.80558
5.78641
6.36011
6.29167
5.56285
5.80156
5.69399
6.37397
5.59125
5.74673
5.59288
6.11847
5.78783
5.39493
5.71277
5.09317
5.70737
5.2238
5.97318
6.19579
6.27082
6.39268
5.68376
5.67676
6.33164
5.53404
5.67626
5.09149
5.81907
5.53707
5.75155
6.00267
5.49824
5.88393
5.61643
5.5071
6.6174
5.58521
5.61763
5.92962
5.65215
6.89891
5.80445
6.41405
5.39492
6.04629
6.14688
5.84629
6.70552
6.58389
6.31405
5.75065
6.10729
6.35258
5.79682
6.02926
5.48741
6.01485
5.69362
6.1391
5.96756
5.86158
6.07637
5.9054
6.6468
5.28455
5.67533
5.66796
6.24855
6.69798
5.31537
5.79084
6.18366
5.73573
5.32214
5.52537
5.63552
6.38304
6.08259
6.49769
5.54073
6.03942
5.84543
7.10955
5.16932
5.88999
6.05448
6.05007
6.01987
6.01961
5.72293
6.40899
5.98205
6.02836
5.69844
5.91876
5.64266
6.80181
5.67439
5.61398
6.39815
5.53972
6.01548
6.20784
6.35198
6.08253
5.67732
5.73568
5.91522
6.5572
5.44018
5.87785
6.15159
5.95047
6.33406
4.97428
6.22176
6.94142
6.6266
6.11716
5.92777
6.04321
5.00684
5.74813
6.94846
6.08131
5.83864
5.79469
5.67307
5.74308
5.94208
6.21071
5.42928
6.50817
6.09094
6.68389
5.83683
5.89699
5.46527
7.31163
4.98805
6.03166
6.75723
6.66945
5.43841
5.82457
5.91953
5.94876
5.78715
6.13204
5.84071
5.48137
5.86233
5.65293
5.52711
5.85172
5.95956
4.98863
5.81767
5.85564
6.6477
5.33956
5.18695
6.34444
5.31532
5.27532
5.87949
5.53662
6.11811
6.10929
6.48324
5.8558
5.76867
5.95323
5.4983
6.04652
6.35128
6.40206
5.6626
6.33194
6.2912
5.40982
5.89588
5.62309
5.90229
6.08268
5.26401
5.2176
5.47253
5.74877
5.27829
6.0664
5.49729
6.27629
5.98338
5.99887
6.74516
5.56763
5.66253
6.19693
6.37075
6.06012
5.79858
5.68147
6.07655
6.06069
7.23561
5.81029
5.94507
6.23082
6.27441
6.03449
6.12037
5.4916
5.34909
6.11749
6.62238
5.55795
5.49961
5.44895
6.51365
5.11471
5.90951
5.60555
5.4866
6.36454
5.81723
5.81413
6.12287
5.68783
7.14955
5.77424
6.72906
5.83273
5.90429
5.74122
5.73552
5.73648
5.67873
6.165
5.79667
5.63432
5.93144
5.45824
5.71996
6.39923
6.26843
5.66817
6.432
6.29791
6.05339
5.43424
6.47464
6.40444
4.66697
5.57679
5.66903
5.94651
5.74671
6.02516
5.65464
5.11841
6.37402
7.04616
5.60349
5.65279
5.8575
6.38217
5.94404
5.62524
5.75526
5.73763
6.21093
5.95612
6.22044
5.15579
5.50001
5.55725
6.06908
5.10831
5.99132
5.84885
6.45601
5.44961
5.71135
6.12684
5.60506
5.97308
6.16242
6.60555
5.88444
5.26413
5.9491
6.3546
5.71972
5.70066
6.26731
5.77443
6.43275
5.87173
6.32057
5.7613
6.39774
6.09232
6.15716
5.33913
5.65855
6.06675
6.21101
6.28484
6.42508
5.66249
5.60376
6.56812
5.83447
5.84649
6.67197
5.78573
5.93413
5.52313
6.00801
5.30777
5.83943
5.82976
6.30524
6.03486
6.25806
6.62247
5.26157
6.27034
5.44528
5.79176
5.8344
5.6552
5.98315
6.6649
5.8481
5.37655
6.46808
5.55855
5.66107
5.26235
5.53025
5.88051
5.98345
6.3322
5.42098
5.31035
5.54912
5.29204
5.29549
6.57462
5.66623
6.01038
5.57321
5.23571
6.14646
5.74714
5.17088
6.26148
6.99289
5.61408
5.45023
5.74671
5.56241
5.2102
5.28104
6.34629
5.97119
6.28194
6.50331
6.28026
5.978
5.71307
5.92155
6.45627
6.05766
5.69326
5.88213
5.65834
5.03518
5.61961
6.14611
6.08885
6.39996
5.45604
5.73367
5.6014
6.04899
5.3784
5.8355
6.04642
6.02339
5.85375
5.62826
6.36312
5.84943
5.90651
6.57226
6.32012
6.75928
5.98818
6.11067
5.04512
5.24775
6.02676
5.3646
5.06195
5.78251
6.64007
5.31234
5.68124
5.35916
5.70792
5.86078
5.60366
5.20022
6.58963
6.71375
5.63518
6.36069
5.83821
6.42444
6.70666
5.75086
5.44793
6.49524
5.44869
6.29133
6.06191
5.64364
6.55305
6.33726
5.62467
5.5706
5.65087
5.89104
6.40111
5.63834
6.33398
5.62039
6.22452
5.48401
5.86187
6.17829
5.95155
6.3161
5.51969
6.52369
5.73808
6.03977
5.4253
6.1685
5.97353
5.38827
6.3429
6.01964
6.12199
5.99025
5.49532
5.22919
5.42033
6.00928
5.38205
6.59832
6.63697
5.89497
5.41367
5.48095
5.08333
6.22188
5.27604
5.5303
6.36066
6.1121
6.12231
5.70429
6.30681
6.04428
5.91951
5.58541
5.33512
6.06337
6.07236
5.84122
5.46796
5.58637
6.03306
5.98645
6.11612
6.00818
6.38273
6.21645
5.94401
5.45432
5.84018
5.95129
6.17532
5.52242
6.83039
5.789
5.79973
5.5207
6.07699
6.40247
4.69569
6.48569
6.12743
6.19687
6.49799
5.30337
6.19246
6.2387
5.94794
5.94381
5.60095
6.48816
5.62013
5.55989
5.81899
5.64573
5.81103
6.0897
5.67941
6.04021
5.48245
6.04609
5.65467
6.06246
5.4873
6.24995
5.828
5.74222
6.36849
6.81186
5.54669
5.36576
4.76808
5.50399
5.86529
5.51324
5.12979
6.25534
5.93533
6.26124
6.08484
6.14829
5.97202
5.85045
6.38814
6.54579
5.24724
5.99502
6.85084
5.48114
5.43713
5.54697
5.15507
6.57041
5.92693
5.9494
6.24942
6.53476
5.89186
5.78505
5.36403
6.05217
6.02731
6.32325
6.3982
5.86916
6.12358
5.58148
6.37148
6.26132
5.91736
5.73642
5.36772
6.38581
5.79182
6.39358
6.16366
6.43846
5.61622
6.81481
5.98529
5.57218
5.91029
6.23729
5.87665
6.07586
5.64057
5.24175
6.35224
5.4878
6.19081
5.6117
6.21061
7.23719
5.76437
6.48917
5.73524
5.61535
6.09398
5.79421
5.19307
5.48409
5.42753
5.52865
6.70887
5.81941
6.21358
6.11425
5.93743
5.64157
6.48398
5.76191
5.44116
6.13556
5.25301
5.8722
6.04507
6.18512
6.46897
6.14298
5.99598
5.5629
6.1846
5.99113
5.7774
5.40145
6.13582
5.94734
6.07088
5.24399
5.67706
6.18492
5.33178
7.34542
6.41353
6.06887
5.52468
5.94681
5.17933
5.99113
5.43203
6.66395
5.14706
5.77113
5.39021
6.01924
5.44153
5.54291
5.70519
6.07755
6.16473
5.82165
6.47734
5.29663
5.67933
6.33502
6.08154
5.80125
5.59656
6.03184
6.31632
5.47411
6.04668
6.08491
5.8194
5.89082
5.62419
5.25732
5.36524
5.61818
6.15606
7.05605
5.90498
5.95271
5.84374
5.23506
6.25713
5.76842
5.99065
5.72136
6.55436
6.46055
5.50686
5.81963
5.84377
6.141
5.52451
6.26517
5.71997
6.21095
5.68702
5.89189
5.77254
6.07473
5.39691
6.32923
5.29276
6.87204
5.60811
6.43032
5.58048
5.79613
6.49573
6.31707
5.72166
5.71375
5.72457
6.12867
5.83475
5.41988
5.92856
6.10335
5.85989
5.2457
6.06192
5.86222
6.0071
5.60497
5.98829
6.12367
5.96712
5.76787
6.15819
5.70504
5.82014
6.04021
5.25757
5.89885
5.4863
5.61431
6.20592
5.44246
5.7047
5.47623
5.56766
6.44464
5.96931
6.04019
5.8875
5.13927
5.75201
5.80269
6.32557
6.42961
5.74123
6.51197
5.75235
5.852
5.70962
6.61726
5.48839
5.34336
5.97947
5.98721
6.40103
5.93136
6.26547
5.41628
6.64168
4.91233
5.76574
5.7564
7.59443
6.34296
5.89984
5.48901
5.72253
5.18349
6.23602
5.56971
6.19807
5.50345
5.86655
5.53406
6.14786
5.33512
5.18788
5.17021
6.34783
5.04359
6.9825
5.67985
5.89286
5.31121
5.93425
5.69352
5.66929
5.75959
5.81806
5.56811
5.29899
5.55528
5.15243
5.40514
5.2129
5.67758
6.3303
5.40762
6.72919
5.70531
5.78303
5.62973
5.92147
6.26642
5.31723
6.42207
5.60327
6.43831
6.23685
5.60276
5.79713
5.91899
5.11335
6.18123
5.53563
5.83919
6.45822
7.00892
6.73682
6.66968
5.50696
6.59888
5.88638
5.65637
5.91826
6.47942
6.48743
5.75758
5.88611
6.08115
6.63528
5.37167
5.58228
6.22398
5.57433
5.56095
5.71169
5.77268
5.39158
5.9497
5.80971
6.411
6.0436
5.27947
5.41232
5.9316
5.82223
6.34404
5.5511
6.53893
6.63952
5.4255
6.34539
5.95647
6.01702
6.14684
5.51964
5.93151
5.67513
6.08885
5.87559
5.37093
5.50549
5.67642
5.51786
6.44942
6.24894
5.76937
5.85777
5.61278
6.28159
6.01681
5.56687
5.90377
5.58375
5.99212
5.66223
5.98335
6.48787
6.4489
5.17761
6.32489
5.61931
5.50466
5.90977
5.38783
5.70966
6.32498
5.66265
4.77691
6.43215
5.666
5.64109
6.03149
6.01653
5.72686
6.04798
6.17405
5.67793
6.24673
5.31393
5.67221
5.76029
5.5719
5.77127
7.05585
5.13164
5.32095
6.40089
6.14905
5.57364
6.34677
5.76874
5.52504
5.73162
6.03532
6.44789
5.45077
6.20699
6.17866
5.10741
5.54321
5.78446
6.01838
5.80774
6.30715
5.52819
5.63428
5.85068
5.77798
6.4418
5.63338
6.57524
5.54993
6.36894
5.63963
5.685
5.33768
5.74551
6.07408
5.31257
5.51503
5.92439
5.24961
5.57046
5.57119
6.7275
6.14182
6.35258
5.79579
5.44205
5.7804
6.06323
5.68715
5.58476
6.1385
5.35514
6.5785
5.45214
5.42816
6.1021
6.54248
5.76772
5.38518
5.75482
5.6944
6.06777
6.19838
5.72252
6.23715
5.76119
5.26857
5.38608
6.16224
5.33737
6.25096
5.26034
5.85103
5.47532
5.85022
5.95469
6.18411
5.76026
6.36833
4.91735
6.44264
5.47166
5.77389
5.7936
6.11137
5.96942
5.84415
6.07958
6.10279
5.3124
6.29987
6.36079
6.27071
5.71795
5.39353
5.90441
5.65307
6.00489
5.61564
5.60469
5.95875
5.96891
6.044
5.59467
6.28465
6.18495
5.23124
6.32142
5.50988
6.2361
6.0792
6.42684
5.85054
6.52342
5.83343
6.14514
6.19978
5.82141
5.66393
6.73272
5.30312
5.81739
6.84555
5.9219
6.00146
5.45153
5.74883
5.74346
5.89854
6.30771
6.42184
5.62432
6.47186
5.666
6.32692
6.65656
4.99111
5.17009
6.35732
5.92097
6.12827
5.77152
5.68357
5.35435
6.53836
5.98801
5.83886
6.17617
6.07505
5.12707
6.7561
5.88243
5.41256
6.84192
5.3592
5.85797
5.55951
5.10598
5.59689
6.27074
5.53323
4.978
5.91998
5.31873
6.71206
6.25256
5.9545
5.54625
6.33189
6.68493
6.21453
5.78334
5.52857
5.74252
5.54146
6.15313
6.37273
6.02663
6.20758
5.44501
6.22487
5.23469
5.8556
5.37204
6.27402
5.94044
6.41543
6.48411
5.66747
5.74141
6.47628
5.64578
5.59328
6.36917
5.8167
6.35401
6.18213
5.04409
5.42989
6.58739
5.46045
6.0908
6.12854
6.16874
5.45813
5.91664
5.17349
5.28485
6.54113
5.72848
5.92278
6.36427
6.52625
5.13335
5.33551
5.37114
6.25305
6.2247
5.59652
5.61453
6.43467
5.83481
6.51321
5.95383
5.90812
5.75526
6.20552
6.4803
5.29618
6.42281
6.25719
6.60732
5.53769
6.45087
6.7839
5.68164
6.07196
5.65614
5.39214
5.86907
6.29791
5.71496
5.4525
6.10731
6.04366
5.67927
5.84011
5.9492
5.83888
5.63273
5.72648
5.6447
6.77799
6.3564
5.28798
5.79613
5.99095
6.0766
6.6243
5.66784
5.75897
5.21778
5.67629
5.59811
5.79559
5.55199
5.7183
5.54342
6.82212
5.79775
5.57563
6.42804
5.76478
5.11993
5.1028
6.25388
5.70802
5.41657
6.16758
5.78784
5.39366
5.54246
5.93245
5.69467
5.01135
6.06876
6.08295
7.10579
6.08381
6.37854
5.55578
6.34626
5.98932
5.89844
5.6486
5.31164
5.53721
5.74861
5.60388
5.94431
6.54766
5.9293
5.91013
6.11772
6.0578
5.43778
6.12934
5.66274
5.86804
5.9844
4.70686
6.16072
5.1252
5.86176
5.10371
4.91043
7.1079
6.59941
6.38577
6.18516
7.12818
5.48137
5.65381
5.75923
5.65657
5.65886
6.36915
4.93945
5.50611
5.56053
5.48757
5.95735
5.80747
5.67428
5.90606
6.11216
5.20697
6.54336
5.92408
6.08396
6.67431
6.51388
5.68146
5.62591
6.35193
5.43498
5.55079
5.45769
5.79649
6.38914
5.60841
5.79466
5.75659
6.51037
5.82457
6.04262
6.09767
5.75469
5.56565
5.65203
5.60702
6.06066
6.50376
5.53583
6.62434
6.00276
5.58763
6.82495
5.83574
5.44245
6.15003
6.16307
5.52274
6.01202
5.11333
5.41226
5.95819
5.94595
5.13087
5.92583
5.76042
6.27107
5.87968
6.14571
6.04041
5.92774
5.92269
6.26739
6.03081
6.74266
6.51584
5.9628
5.78978
5.82644
5.29352
6.15295
5.91592
5.85892
5.90535
5.61351
5.85577
5.94371
6.12645
5.89048
5.30754
5.51553
6.88369
6.05625
5.71223
6.28727
5.39912
5.69417
5.91278
6.65017
5.67475
5.23482
5.87082
5.42277
6.17637
5.92114
5.51292
6.02137
6.26902
5.90629
5.63705
6.17251
6.08573
6.05461
6.07223
5.79589
5.73413
5.88758
5.69386
6.05105
5.25453
6.26039
6.02668
6.1127
5.70673
5.54461
6.64094
6.054
5.94364
6.01564
6.79393
6.2977
6.04343
6.02661
6.36296
5.12907
6.09805
6.44221
5.2782
6.05651
5.42147
5.25191
6.03175
5.58518
6.05327
6.15386
6.58867
5.59106
6.0237
6.47408
5.82881
6.00417
6.17763
5.65742
5.65897
6.18089
5.84192
6.9007
6.68948
6.42125
5.3955
6.37132
5.54819
6.45484
5.81598
5.90457
5.2906
5.94404
6.89527
6.55119
5.82195
5.99327
5.69518
6.18822
6.19279
7.05361
6.62773
6.57278
5.49757
5.60943
5.55621
6.18537
5.7704
5.38732
6.51183
5.62662
5.18891
6.24888
5.79701
5.92978
6.05407
5.83123
5.17538
5.56411
5.90768
5.87849
5.74743
6.01739
5.76694
5.69775
5.85517
7.36628
6.28817
5.3129
5.87773
6.35552
6.00056
6.10658
6.29597
5.34922
6.62104
5.40074
6.49071
5.91167
5.57168
4.90877
6.21436
6.30037
5.46221
5.81438
5.97568
5.95986
5.9633
6.38551
5.81369
5.91586
5.55005
5.60472
5.33939
6.0434
4.67379
5.6802
6.05643
5.27177
5.77004
6.07325
5.47894
5.43004
6.1297
5.83379
5.29478
5.75116
6.06694
5.58268
5.90625
6.07541
6.22075
6.65569
5.70906
5.6221
6.20872
5.67973
5.70403
5.37147
6.0246
5.93895
5.50533
5.4906
5.89629
5.81545
5.41908
5.52455
5.87976
5.11732
5.69164
5.65831
5.0295
5.40365
6.44806
5.92366
5.84669
6.39776
6.6947
6.18052
6.13392
5.94059
6.18718
5.64436
5.02593
5.97408
6.43176
6.11352
5.97183
6.476
5.66753
5.07164
6.60727
6.39731
5.58215
5.98593
5.29659
6.00694
5.48588
5.90223
5.45485
5.79583
5.60905
5.52526
5.96229
6.60904
6.00529
6.07611
6.15898
5.14144
6.42912
5.91327
5.30375
6.02101
6.05313
5.48037
6.39755
5.73479
5.61413
5.88358
4.79908
5.43064
6.05936
5.58548
5.54214
5.48363
5.91715
6.09436
6.13144
5.97116
5.57419
6.19818
5.76405
5.24718
5.78242
6.261
5.72581
6.70715
5.69924
5.87236
5.52362
6.13785
5.55669
6.14493
6.09501
5.92264
5.97178
6.02972
5.90375
6.63552
5.8107
5.54247
5.39251
6.43265
5.25096
5.96838
5.54804
5.90883
5.88907
6.0715
6.4369
5.94916
6.61758
5.69128
6.41562
5.31858
5.336
5.76221
5.20721
5.99127
5.76788
5.54777
6.00282
6.26993
5.89551
5.83185
5.78152
6.67737
6.59668
5.76765
5.71335
6.52156
6.20151
5.74447
5.83267
6.09512
5.88398
5.96521
6.12287
5.51164
5.55819
5.2643
6.12926
5.59555
5.47723
5.7961
5.01461
5.63798
5.73135
5.88043
5.86496
6.02678
5.42231
6.27186
5.78729
5.494
6.88021
6.49679
5.71723
5.52502
6.01434
6.55045
5.41223
5.60393
5.70751
5.54843
6.4649
5.704
5.49932
5.74058
5.63709
4.94963
6.01872
6.03054
6.54857
5.91355
5.91236
6.44023
5.1252
5.05996
6.24404
5.91584
6.13077
6.16545
5.0793
6.16105
6.73557
5.9407
6.60962
5.82429
5.97792
5.81524
5.11622
5.25869
6.22387
5.55885
6.16363
5.89376
6.04496
6.18311
5.74017
5.76012
6.36526
5.69688
6.13755
6.60429
5.66863
5.68233
5.9863
5.6976
6.20216
5.60659
6.42214
6.2427
5.22405
5.94574
6.3506
5.72799
5.39421
5.35225
5.57668
5.32929
5.75409
6.51025
5.7996
6.0943
5.95301
5.83804
5.19653
6.28117
5.78691
5.91542
5.67757
6.55785
6.98946
5.87978
5.67469
5.51902
6.11558
5.76653
5.41619
6.53248
5.90857
5.51409
5.51809
5.75074
5.3643
5.78444
6.59307
5.34173
5.08726
6.25429
5.97918
5.61899
5.67416
5.36579
5.64152
6.18728
5.52787
5.9106
5.49739
5.82149
6.08231
5.98296
6.45128
5.53635
5.88972
5.68193
5.75977
6.59056
6.54859
5.67593
5.9913
5.74016
5.69557
5.04538
6.1298
6.09267
5.545
6.66497
6.37329
5.67584
5.51322
5.51859
6.15208
5.36263
5.51908
6.2959
5.86092
6.56737
6.09831
6.29679
5.55099
5.94498
6.45089
6.0062
6.69524
5.46228
6.12347
5.83161
5.91718
6.3184
6.24573
6.13501
6.22798
5.75485
5.44809
5.70939
5.65967
5.66565
5.43971
6.10564
5.50495
5.93235
5.89559
6.05694
6.14197
5.33344
5.4838
6.47696
5.55655
5.7357
5.48294
5.41784
6.14136
6.69054
5.87472
5.83233
6.02021
6.33404
6.63208
5.54601
5.86359
5.61135
5.71554
6.13429
5.59626
5.19788
5.6695
5.69339
6.25383
5.62414
6.08031
6.46693
6.17057
5.61243
5.95437
6.18041
6.78684
6.23208
5.98639
5.19627
6.03155
6.48225
5.46564
6.25013
6.03878
5.9257
5.65576
5.92343
5.93284
5.91634
5.64471
5.58208
6.35917
4.97061
6.51595
6.34685
5.85634
5.96551
5.95559
5.45598
5.20973
5.8544
5.88536
6.08052
5.94809
6.39079
5.55238
5.53025
5.84475
6.5283
6.25459
5.56915
5.94878
6.04099
5.66661
5.63102
5.94908
5.00117
5.70661
5.34054
6.04949
6.85006
5.33823
6.58592
5.74714
6.29177
6.3723
5.44233
6.14309
5.8045
6.34267
5.50578
5.56128
5.60289
5.48487
5.59848
6.55117
5.83966
6.40716
5.35436
4.97521
5.68549
5.21688
5.94583
6.09087
5.73661
5.92984
6.41763
5.74537
5.31523
5.06411
5.89843
5.58711
6.58425
5.79931
5.90914
5.52021
5.39718
6.3723
5.88275
5.64673
6.00581
6.32847
5.93777
5.40262
5.53095
5.53956
6.09772
5.58312
6.41556
5.5233
5.63955
5.6379
6.87702
5.59167
6.94131
5.62625
5.49966
6.05072
5.12681
5.67351
5.77606
5.15072
6.20509
6.33271
5.98169
6.13552
6.52087
5.65215
5.5962
6.33348
5.37608
6.66042
6.4441
5.87845
6.28862
5.57647
5.95374
5.41181
5.44517
6.09648
5.29759
5.9009
5.63657
5.44177
6.19052
6.04245
5.76367
6.8971
6.19475
6.21743
5.60509
6.59165
6.2493
6.20299
6.08178
6.14358
6.20018
6.94804
6.12513
6.20467
5.31427
6.31348
5.89131
5.16221
5.2392
5.96284
5.86557
5.47848
5.9937
5.80015
5.81142
6.09519
6.26975
5.52552
5.49161
5.46057
5.56685
5.81318
6.07449
5.13931
5.97691
5.57025
5.72222
5.84957
6.54204
6.70002
4.84645
6.59754
5.94815
5.6461
5.30767
5.71322
5.58973
6.12881
5.394
5.79816
6.45041
6.2607
6.47827
5.06763
5.84962
5.29612
5.10706
5.65299
5.90818
5.74774
5.86307
5.6162
5.90747
6.3183
5.38142
6.52006
6.48447
6.18831
5.89754
5.60384
5.14054
5.69806
6.36025
5.24816
6.44627
5.44734
5.97793
6.41076
5.93839
5.45379
6.30094
6.27359
5.95237
5.93596
5.87127
5.89686
6.1803
5.91271
5.13873
5.95023
6.44494
6.59516
7.00556
5.57319
6.06646
5.71109
6.17604
6.22502
5.77265
6.36996
6.03348
5.62382
6.85092
6.0316
6.44514
5.39027
5.77209
6.68229
6.94176
6.91646
6.09316
6.18365
5.84952
6.70619
6.1716
6.08076
6.48224
6.26666
5.87757
5.54605
5.36663
6.18413
6.23368
6.97093
6.15795
6.5462
5.54654
5.78678
6.48519
5.27443
5.20113
5.83737
6.06676
5.31333
5.60116
6.37042
5.505
6.00122
5.89143
5.46728
5.91283
5.53609
5.80677
6.12584
6.35933
5.86984
5.74497
5.77388
5.89577
6.03989
5.88545
5.57127
5.14179
5.66252
6.90424
5.93802
5.16388
5.88511
5.9283
5.83348
6.45153
5.39736
5.99262
5.42093
5.64055
6.31696
5.20667
5.89625
5.54902
5.61087
6.02238
5.63093
6.24496
6.26088
5.98475
5.50657
6.18139
6.71996
5.67611
5.04505
5.45624
5.23935
5.33227
5.98008
5.92819
5.79009
6.02829
5.74822
5.14395
5.81834
5.78351
6.12232
5.7999
5.81852
5.93529
5.77388
5.30467
5.84911
6.23424
6.65653
6.06646
6.39733
5.48499
6.05568
5.50849
6.15589
5.80207
5.99493
6.64275
6.43536
6.26586
5.23834
6.52249
6.42299
5.48107
6.0285
6.04
5.58963
5.34367
5.95856
6.44061
5.81071
5.66769
5.65269
5.85683
5.79146
6.15148
5.45281
5.93035
6.78492
5.56368
5.90424
5.74483
5.94171
5.51619
5.57497
5.52878
5.59056
5.41845
6.53822
6.15233
5.65436
6.13939
6.24541
5.71408
5.67846
5.79966
5.70497
6.05023
5.09119
5.27443
5.8224
5.54562
5.80182
4.99099
6.48043
6.08514
5.51522
6.09991
6.0667
6.06944
6.70098
5.994
5.54534
6.37421
6.27286
5.98523
5.41147
6.24568
5.73497
6.22356
5.52787
5.27924
5.14998
6.19954
6.17984
6.29275
5.91948
5.78456
5.73806
6.49556
6.33558
5.7956
6.75189
6.19588
5.8956
5.8516
5.42556
5.91639
5.45017
6.04345
5.56571
6.01357
6.02268
5.89423
5.48415
5.89459
6.09975
5.91437
5.73039
6.00252
6.11684
5.30808
5.32123
6.44012
5.65815
5.41808
6.17963
6.01932
5.62321
5.42953
5.66331
5.4521
5.68437
5.28689
5.70486
5.87748
5.80647
5.78578
6.23569
5.61887
5.49965
5.81279
5.62605
5.74776
5.55457
5.53925
6.65065
6.092
5.71128
5.9478
5.85803
5.80804
5.26229
5.59177
6.21007
6.42191
6.14886
6.3812
5.68366
6.58772
5.44521
5.8839
5.50322
5.51793
5.32358
6.23991
5.98138
5.8201
5.14395
6.30407
5.7532
5.79016
5.99417
6.47828
5.50542
5.09125
7.00817
5.31703
5.31322
5.9002
5.6789
5.66675
5.7528
5.57609
5.89765
5.25057
6.11961
6.14241
5.51305
5.63079
5.80599
5.91831
5.8799
5.35039
6.72433
4.93184
5.86707
5.34955
6.36432
5.15235
6.43783
5.78975
5.68025
5.7546
5.52181
5.88244
5.18859
6.5962
5.91831
6.04128
5.69672
5.32856
5.46188
5.72284
5.5113
5.76327
5.48556
5.75449
4.98506
5.29593
5.98985
5.8692
5.86221
6.30366
5.92321
6.57617
5.39976
5.22209
5.84372
5.71708
6.20978
5.90935
5.63838
6.13491
5.60972
5.44818
6.2745
5.31499
5.31265
6.3728
5.22558
5.3895
5.57577
5.46565
5.96794
5.85876
6.25941
5.68887
5.63522
5.59084
5.97208
5.96457
6.50121
6.88685
5.7413
5.46071
5.95521
6.24229
6.03219
5.84873
5.80956
5.09545
6.0151
6.17328
5.45072
5.83171
6.00893
5.80466
6.27738
5.7076
5.65023
6.86961
5.90771
5.83317
6.03294
5.8672
6.37399
6.18004
5.69207
5.17528
5.53884
6.38938
5.41239
6.38658
5.77706
5.9638
6.29442
6.02348
6.1542
5.6185
5.56352
5.00362
5.71894
5.86889
6.10475
5.85358
6.34767
5.35039
5.31304
6.59717
6.01831
4.71389
7.53725
5.48403
5.62993
6.34752
5.1779
6.02648
6.16757
5.66968
5.76666
5.50833
6.25243
6.09445
6.3237
6.18955
6.14908
5.21144
5.94634
5.35457
5.96733
5.04691
5.50714
6.09745
5.91093
6.20976
6.2231
6.29046
5.97627
5.58333
6.24388
6.31685
6.20269
6.16997
5.5376
5.22516
6.33164
5.79844
5.92968
5.75879
6.66015
5.30731
5.94853
6.18015
6.32923
5.49445
5.6675
5.67288
6.13087
5.85489
5.93278
5.5291
6.26953
5.42247
5.37249
5.25959
5.7949
5.41931
5.48778
6.30341
5.86513
6.0335
6.06683
5.66867
5.85961
6.52719
5.64641
5.05418
5.14759
5.68588
6.06163
6.41809
5.41716
5.04356
6.10162
6.30602
5.34844
5.52093
5.41883
6.2097
5.53045
5.6316
5.86359
5.87578
6.08961
5.84418
6.08297
6.53679
6.70226
5.52498
5.31151
6.35626
5.50269
5.81818
6.24997
5.13907
6.05582
5.36396
6.3362
5.59893
6.18053
6.09639
5.81258
6.35102
5.87624
6.03487
6.27141
5.32892
6.03764
5.84071
5.39818
5.66629
6.07516
5.69073
5.91924
6.5958
5.68698
6.18419
5.11487
5.18196
6.17728
6.54713
5.26398
6.04488
5.31304
6.53085
5.3145
5.58436
6.24783
5.77836
6.50582
5.48775
6.28864
4.93902
6.94318
5.76085
5.71025
5.53588
5.37711
6.60029
5.76469
5.80843
5.24261
6.19144
5.82877
4.77358
5.99616
6.07457
5.40211
6.39923
5.74578
6.04374
5.28554
6.73174
6.5072
5.81012
6.49023
6.06185
5.82576
6.24083
5.36567
5.84103
5.92551
6.15994
5.93491
5.67273
6.25838
5.98693
5.49967
5.7617
5.54122
5.39363
5.80426
5.6769
6.11507
5.50692
5.11368
5.62514
6.23278
6.35503
6.20057
5.3511
5.79734
6.11028
5.49344
5.58316
6.41358
6.06259
5.41104
6.34641
5.49131
5.62947
5.75798
5.11705
5.78145
5.8732
6.72578
6.00204
5.54744
5.42584
5.64476
6.42085
5.45539
5.48776
5.75305
5.53599
5.23044
5.70245
5.92628
6.13974
6.3346
4.88918
5.87208
5.40425
6.04624
6.21
5.97061
6.15013
5.70109
6.05618
5.86117
6.14058
6.03498
6.22353
5.79732
5.5393
6.27143
5.45441
5.62424
5.65584
6.16912
5.4496
5.9919
5.72871
5.25286
5.86549
5.5429
5.40264
5.06411
5.93219
5.73612
6.88048
5.72667
5.31878
5.898
5.63316
5.88847
6.35271
6.45302
5.80804
5.69458
5.25401
5.77583
6.23818
5.646
5.3564
5.64083
6.39052
5.75238
5.85635
5.58624
6.1955
5.91817
5.40744
5.68021
4.85037
5.60392
5.70799
5.21648
6.6314
5.51956
5.94414
5.7657
5.63735
5.17693
5.78876
5.92096
5.70211
6.02063
6.04124
6.16924
5.7661
5.85205
4.94745
6.19248
6.09285
5.61751
6.04035
5.23997
6.06866
6.24801
6.10367
6.02319
5.67258
6.20265
5.45774
6.21525
5.72497
5.34269
5.61028
6.21525
5.6919
6.20549
5.11437
5.18632
6.29372
6.37211
6.17186
5.88431
5.54423
5.72268
6.66476
6.38244
6.24351
6.78944
5.64441
5.63929
5.70078
6.17449
5.99144
6.07607
5.61004
6.1114
5.40081
6.18591
5.97677
5.85312
5.43031
5.9931
6.50228
5.05666
5.32231
5.65006
5.93081
5.45826
5.909
6.37248
5.59521
5.4097
5.81926
5.54243
5.54105
6.11741
5.85314
5.09532
5.68201
5.55228
5.93319
6.62339
5.75173
6.4089
6.35021
5.79784
5.843
5.96272
6.12536
5.77296
6.19615
5.68197
6.41145
5.97655
5.21413
5.57634
5.39921
5.21281
6.22119
6.46144
5.70985
5.31472
5.88237
5.58923
5.66853
6.7961
6.67426
5.6166
4.91863
5.71718
6.14412
6.01418
5.95167
5.55917
5.71864
6.40553
6.13067
6.39025
5.71744
5.95379
5.6369
5.74184
5.87837
5.40111
5.95712
6.20638
5.27305
5.84223
5.18952
5.57298
6.08118
6.28066
5.30237
5.88461
6.24768
5.35177
5.52577
5.82725
5.56596
5.61353
6.13179
5.90607
5.698
5.33586
6.62813
5.83539
5.9084
6.05217
5.72564
5.90108
6.41385
6.4189
6.02269
5.78836
5.3289
5.01132
6.29343
6.10532
5.98791
6.28904
5.79749
5.61305
6.2531
6.12684
5.81976
6.00779
5.3259
6.04253
5.7884
6.26233
5.63766
6.18957
5.76794
6.57711
5.89106
5.89874
5.31674
6.29117
6.63334
5.9953
5.7275
4.94448
6.12809
6.12961
5.59861
6.01319
5.87201
5.65077
6.20324
5.47722
5.80209
5.90879
5.56543
5.5633
6.09097
6.40196
6.05516
5.78528
6.17661
5.45453
5.85818
5.92767
5.69995
6.2518
5.51704
5.57262
6.00418
6.28099
5.45462
5.5852
5.93438
6.15279
5.6076
6.17505
6.0167
5.97772
6.08577
5.87239
5.40556
6.24997
5.77345
5.08996
6.06648
5.3933
5.64515
5.87734
6.31102
5.40594
5.71054
6.19078
5.98432
5.51997
5.83759
6.02905
6.10802
5.87892
6.84326
5.8663
5.79077
5.85957
6.12608
5.72261
5.62601
6.02338
5.52647
5.18747
5.89387
5.35477
6.02405
5.65469
6.03336
6.61577
6.89089
6.10624
5.59339
5.5935
5.48975
5.79674
5.85715
6.21282
5.51033
5.50799
6.2935
7.00438
5.4086
5.93337
5.93844
5.81045
6.11398
6.32379
5.75536
6.49428
6.55895
6.32786
6.13782
5.3381
6.18957
4.89361
6.13599
5.40795
6.15154
4.69122
6.10015
6.24589
6.42046
5.21107
5.75907
6.03016
6.07362
6.22064
5.59742
5.91629
5.53658
5.02366
5.24429
6.21674
6.25403
5.64434
6.81379
6.70606
5.67394
5.90155
6.0591
5.91789
5.52918
5.68048
5.56239
5.578
6.23141
5.49946
6.6097
5.63013
5.60837
5.20831
5.80343
6.19166
5.76639
6.02832
5.73947
5.60293
5.66473
5.82843
5.25246
5.97247
5.97483
6.12534
5.48608
5.59686
5.55929
6.37658
5.62828
5.9499
6.26472
6.1409
5.32951
5.68034
6.50951
6.01231
6.28291
6.03016
6.08118
6.20482
6.83438
6.0519
6.25003
6.50409
5.4151
5.93161
5.68001
6.35096
6.79781
5.53052
5.58726
6.8392
6.34873
5.85946
5.87988
5.73834
5.76104
6.85666
6.32109
5.8463
6.38601
5.41871
6.0848
5.63104
5.96834
5.65834
5.74091
5.64067
5.46841
5.67346
5.70496
6.06968
5.75329
5.7509
6.10309
5.88335
5.34517
5.00314
5.41633
5.96352
5.56669
5.37263
5.53433
6.07882
5.50522
5.61302
5.14934
5.34263
6.49352
5.82076
5.85755
5.53626
5.76431
5.58783
5.38857
5.38345
6.04772
6.60882
6.31315
6.21728
6.00856
5.78923
5.99316
5.65847
6.7119
5.83044
6.37168
5.48336
5.95551
5.5358
6.34961
5.61565
5.50517
5.40472
6.49653
6.23817
5.65559
5.43158
5.58563
6.31589
5.81446
5.50877
5.58822
5.80676
5.83589
5.72572
5.46165
5.80265
6.27119
5.54451
6.08918
6.38302
5.77318
5.38645
6.08642
5.79323
5.7329
6.61554
6.84473
5.0534
6.05997
5.92281
6.05436
5.95781
5.95634
5.63886
6.56674
5.11431
6.90991
5.19959
5.58039
6.10179
5.63909
5.95156
4.78881
6.0152
5.52372
5.86034
5.71172
5.67875
6.46787
5.25034
5.217
6.2824
5.61092
6.09336
6.05403
5.7148
5.96282
5.44477
5.44322
6.3968
5.85299
6.24236
5.58042
5.58462
6.27744
6.12203
5.98175
7.11583
5.48986
6.44925
6.17006
5.12546
5.92408
5.78712
5.89272
5.48064
5.79468
5.61961
6.07621
6.21154
5.60554
5.82561
5.53874
5.58649
5.12551
5.65059
6.02647
5.42696
6.66141
6.03283
6.00193
5.93144
6.73874
5.45914
6.27162
6.09784
5.51883
6.58045
5.60576
5.94626
6.28871
5.82735
6.35606
6.03234
6.15255
5.58464
6.14826
5.97066
5.75414
6.84263
5.28793
6.69775
5.68167
5.58726
5.82826
5.9453
6.57653
6.10523
5.85069
5.23951
7.28186
5.77665
6.3269
5.75762
6.15914
6.40671
6.14703
5.63119
5.80446
5.61937
5.44685
6.89081
6.11711
5.36251
5.59191
6.31949
6.16767
6.06182
6.24902
6.12507
5.82975
5.83989
6.41081
6.00267
6.16089
5.30317
6.69535
5.48496
5.26586
5.56695
5.83882
5.98895
6.18737
6.42646
5.82634
6.40766
6.51298
5.39058
6.60425
5.37055
6.12289
5.69552
5.75778
5.87347
6.7022
5.73266
5.56391
5.72597
5.49286
5.11112
6.05836
4.78865
6.0022
5.48528
5.91547
5.40861
6.18222
4.91974
6.03577
5.73577
5.29559
6.21019
5.82552
5.55267
5.59102
5.13744
6.33295
5.78323
6.02111
5.30071
5.69449
5.14817
5.64989
5.4703
6.02885
5.50041
5.6807
6.71812
4.97866
5.17175
5.23506
5.74183
5.30206
6.22809
5.65635
5.96118
5.48771
6.24142
5.13601
5.62844
5.37262
5.77483
6.14185
5.952
5.45024
5.95455
5.83854
5.38581
6.89062
5.29303
6.06954
5.58583
6.21066
6.16544
5.39237
5.623
5.47282
5.95961
5.59559
5.55213
5.7695
5.85905
5.47756
5.95722
6.76054
5.8531
6.12188
6.2985
5.78263
6.50117
5.89101
5.48509
6.29869
5.6791
5.3974
5.78831
5.4332
4.99452
6.02793
5.81072
5.52606
5.63765
5.82535
6.02188
6.49678
5.49096
5.75889
5.74565
5.54069
6.21404
6.13895
6.21008
6.00061
6.25077
5.38852
6.02839
5.85016
6.7118
5.66563
6.06813
5.88478
5.53359
5.60224
5.68296
6.35333
5.50396
5.65203
6.12709
5.88724
5.9852
5.35398
5.95465
5.69052
5.69836
5.34265
5.93502
6.41722
5.32972
5.61797
5.74046
6.32449
5.8038
5.51285
5.57822
6.17906
5.67073
5.8312
6.57023
6.1954
5.67081
5.88207
6.20181
5.61865
5.59469
5.52669
6.13089
5.75484
6.0933
6.13571
5.85414
5.2578
5.90677
6.06273
5.64721
6.18352
6.19366
6.52651
6.00074
6.01576
5.45922
5.98197
6.0737
6.033
5.74314
6.15712
5.9184
5.73337
6.04106
6.16265
6.41306
6.05984
6.06431
5.77055
5.90485
5.96582
6.36097
6.01512
6.01241
6.66263
6.52114
5.76334
5.0797
5.76397
6.48467
5.59198
5.58906
5.78995
6.37303
5.4439
5.08348
5.67495
6.16019
6.33764
6.52182
5.82546
6.30819
5.8988
5.70636
5.48988
5.83833
6.38903
6.90322
5.67943
5.64874
5.61997
5.6245
6.18934
6.28917
6.68777
5.85502
5.52285
5.8994
5.7096
6.07254
5.43717
5.50236
5.05162
6.35917
5.4931
6.223
5.93737
6.04963
6.112
5.8763
4.58257
5.78985
6.07626
6.37903
5.37125
5.92771
5.85096
5.86027
5.97457
5.87204
5.55013
5.79416
6.38017
5.62123
5.76218
5.81432
5.4455
4.90957
6.86256
5.54301
5.45318
5.83546
6.38478
6.23631
5.53001
6.41697
6.17137
5.56526
5.77019
5.5935
6.26277
5.70729
6.11479
5.54774
6.08826
5.29839
6.41318
5.92125
5.99473
5.8597
6.03574
6.49135
5.22391
5.83046
5.4471
6.11271
6.37752
6.39354
6.17454
6.04019
5.53458
5.69645
6.04138
5.9976
5.92154
6.01423
6.17159
5.65174
5.37467
5.68658
5.09081
5.40344
6.55823
6.19981
6.47223
5.54301
6.13944
5.67453
5.3709
5.91855
5.72611
5.69962
5.46676
5.46181
5.25683
6.40689
5.79076
5.93801
6.28782
5.6588
6.19736
5.69933
6.12742
5.62963
5.2378
6.80466
6.14736
5.6913
5.8138
6.86335
6.04154
6.9988
5.77866
5.97591
6.50523
5.97777
4.88813
6.07481
6.44148
5.84325
6.57317
5.70588
5.77427
6.18385
5.94072
6.54544
5.61314
5.61882
5.81534
5.76234
6.11762
6.0582
5.96856
6.61554
5.56344
6.23758
5.55602
6.41328
6.13257
6.13129
6.31357
6.98903
5.38624
5.20649
5.69231
5.34376
5.50352
5.66554
5.74221
6.00613
5.72377
5.85131
6.08196
5.18172
5.89711
5.69488
6.07359
6.07757
5.77884
4.6388
5.63513
6.49645
6.26637
5.9157
5.68502
6.02035
5.71378
6.2256
6.23935
6.0033
6.40307
5.53609
5.21787
6.84933
5.4705
7.00346
5.61256
6.30825
5.64527
5.9615
5.11761
5.74669
5.50885
5.86504
5.51077
5.92296
6.17143
5.57271
5.48752
6.40949
6.44667
6.46512
5.3177
5.42819
5.57226
6.15594
5.30748
5.88403
5.2933
6.35687
5.79192
4.86169
5.85084
5.45574
6.47976
5.97366
5.48999
5.69408
5.77275
6.25563
6.02432
5.47437
5.20126
5.98076
7.26504
5.83295
5.93084
6.05249
5.63189
5.77761
6.32208
6.33924
6.40608
5.26724
6.525
5.18483
5.96546
6.1649
5.96734
5.62352
6.06249
6.13427
5.31968
6.32016
5.83116
6.64816
6.17314
5.74852
5.71374
5.47916
5.85412
5.85429
6.3264
5.31029
5.99442
6.06835
6.08898
5.76978
6.34936
5.86881
5.48871
6.32668
5.30325
5.69166
6.1627
5.58812
5.938
5.77045
6.17276
5.50253
5.89322
6.0067
5.70892
6.65912
5.83064
6.49416
6.87759
6.0226
5.53231
5.42192
6.41474
6.05867
6.48301
5.51988
5.47917
5.78608
5.21923
5.53747
6.25522
5.84162
6.26228
5.39502
5.6235
6.01952
5.78375
5.3456
4.80928
5.483
6.43218
5.86311
5.57855
5.65148
5.88565
5.54627
5.66771
6.13993
5.68579
5.58644
6.12088
5.7655
5.5332
5.93364
6.67679
5.60129
5.28412
6.24542
5.72712
5.98854
6.18673
5.90138
6.39489
6.25295
6.61
6.24634
5.79077
5.65493
5.95664
5.30807
5.67612
6.06129
5.9565
5.67548
6.70635
5.88522
6.12494
5.73107
6.60925
5.50522
5.90772
6.18639
6.07248
5.25951
5.46321
5.50255
5.98275
5.21902
5.81087
5.4415
6.44573
6.34213
6.18397
5.90646
5.18001
5.60801
5.08621
6.45246
5.19971
6.44586
5.39559
5.97311
5.95641
6.36801
6.33749
6.24189
6.3877
6.25428
5.96732
5.54104
6.42239
5.44658
5.71519
5.62951
5.54411
6.1179
5.4452
5.85947
5.65881
5.49317
6.03615
5.76224
6.06341
5.73119
5.93203
5.8481
6.20319
6.68568
6.12633
5.92165
5.7403
5.90719
6.37246
6.84208
6.37375
5.95201
6.29578
5.83159
6.23465
5.70624
6.03942
5.26933
6.32328
6.75066
5.57702
5.9557
6.48822
5.94269
6.16604
5.2709
5.77246
6.35324
5.39809
6.12925
5.18716
5.80018
5.16972
5.37199
5.49647
5.01436
5.25241
7.40979
6.69649
6.18038
5.73162
5.38198
5.92225
6.63147
7.21505
5.4457
6.36827
5.30434
6.84677
6.20856
5.48404
5.77753
4.69777
5.88708
5.65207
6.31117
5.55301
5.75171
5.8404
6.05108
5.4349
6.05408
5.54473
6.34834
6.26267
5.82647
6.08907
6.08037
5.61594
5.96173
5.62462
6.27051
5.82231
6.27252
6.40951
5.57108
5.75669
6.33392
6.10175
4.87819
6.77038
5.38322
5.90823
6.24555
5.57322
5.90063
5.19779
5.08409
6.06647
6.0088
6.58546
5.69533
6.18533
5.47669
5.77932
6.79401
5.35784
6.06732
6.23847
6.07102
6.23088
5.6509
6.52602
6.11894
6.09154
5.79872
5.56456
6.17908
5.97093
5.47608
6.21284
6.03531
5.7399
6.20023
6.37126
5.33474
5.74955
5.59286
6.41415
6.50847
5.52731
5.67512
5.27927
5.52865
5.94617
6.72628
5.59788
6.33128
6.02772
6.60039
5.77531
5.73519
5.46856
5.78829
6.6213
5.84551
6.37438
5.3705
5.89945
5.14701
6.17794
6.13014
5.57241
5.94961
6.53839
6.08714
5.93246
6.4926
5.62119
5.71209
5.42272
6.5122
5.62062
6.12599
6.13246
5.39846
5.41154
6.4068
5.26638
5.61658
6.20283
5.32775
6.21286
6.15999
5.77256
6.26375
7.11749
5.31756
5.83991
5.76473
6.27072
5.41591
5.93411
6.20269
5.48554
6.72023
5.36716
6.02563
5.50984
6.15115
5.76218
5.95491
6.49725
5.89805
5.82883
5.89023
6.11402
5.86216
6.32647
5.55247
6.05564
6.1674
5.75812
5.7065
5.57142
6.24449
6.69828
6.76286
6.30466
5.50843
6.35931
6.81641
6.22155
6.03836
5.54636
6.19226
5.48791
5.92825
4.8773
5.60954
6.26095
5.93465
5.72172
5.64077
5.64021
5.60842
6.36859
6.12838
5.76672
5.69126
5.16213
5.42414
5.38641
5.86897
6.06383
5.74299
6.0699
5.63822
5.57471
5.7253
5.33169
6.25798
6.56721
5.8195
6.62721
5.66436
5.73126
6.48345
6.03664
5.59188
6.1682
5.84143
5.39732
6.08545
5.70032
5.46633
5.89084
6.3011
5.52244
6.34855
5.82211
5.32511
6.23528
5.77277
5.76929
5.50785
5.25551
6.60705
5.90384
5.27602
5.6549
6.5158
5.83784
5.88556
5.6204
5.38654
5.84174
6.20255
5.71715
6.80095
6.24041
5.56853
5.7026
6.18983
5.4411
5.85291
5.94196
5.97836
6.07584
5.45026
5.51334
5.75035
5.51009
6.07662
6.04763
6.06548
6.47331
6.35041
6.26264
5.52854
6.02383
6.10378
6.48953
6.0554
5.46409
5.60643
5.85902
6.20952
6.08086
6.03596
5.06832
5.3412
5.31174
5.46899
6.82968
6.398
5.56011
6.08061
6.14076
6.90647
5.72522
5.84575
6.43136
6.44625
6.00988
5.4262
6.56501
5.69193
5.93417
6.0095
6.14182
6.07987
5.95606
5.91575
5.96293
5.86303
5.3195
6.16866
5.44414
6.45732
5.63131
5.77898
6.16984
6.06864
5.15287
5.93404
5.70366
5.42465
5.97801
5.72617
6.31611
5.60024
6.27726
5.8361
5.45337
5.70873
6.19187
5.06761
6.52474
6.75265
6.05698
5.97976
5.12255
5.74267
6.39926
5.65244
5.23812
5.12285
5.41623
5.97095
5.69718
6.19717
5.69651
5.53962
5.44012
6.01536
5.09915
5.79045
5.89961
5.77242
5.47012
5.79985
6.01686
6.02458
6.44191
6.04641
6.03505
6.49163
6.59693
5.7137
5.36298
5.69719
5.16434
6.13161
5.61046
5.01258
5.74855
7.13628
5.26685
5.80503
5.71466
5.6298
6.28635
5.90704
5.74533
5.67446
5.88977
5.27063
5.77785
6.14141
7.02025
5.79663
5.27404
6.50883
6.52833
6.7599
5.5075
5.9042
5.51255
6.09278
5.59531
5.67315
6.20712
5.42993
5.44564
5.89793
5.95283
4.94598
5.78457
5.58831
5.72626
5.53185
5.85461
6.05171
6.59269
6.2772
5.87909
6.91825
5.35171
5.98801
5.65024
6.24638
5.39216
5.77883
6.42047
5.73931
5.83107
6.02678
5.69963
5.3817
5.02503
5.5809
5.70448
5.94467
5.7101
5.71185
5.73158
5.39856
5.44042
5.8957
5.79766
6.2564
6.42279
5.53245
5.96142
5.64462
4.92137
7.06958
5.96355
6.29698
6.37259
5.77605
5.15917
5.9582
5.97813
6.4135
5.77105
6.80841
5.92268
5.8179
5.50502
5.78022
5.80057
6.29542
6.66069
5.49354
5.50573
6.00104
5.70474
5.29181
5.26095
5.92459
6.22391
5.83674
5.31437
5.91328
5.45906
6.27226
5.98709
6.71479
6.5987
5.44753
5.82067
5.45268
5.50501
5.62749
6.23688
6.02308
5.7513
5.56421
5.83471
6.18293
5.78923
7.37945
5.2836
5.67022
6.1625
5.95598
6.08884
5.80483
5.95726
5.74218
5.76169
6.30476
5.78863
6.35868
5.97162
6.61751
5.78937
6.10634
5.29617
6.31195
5.0087
5.6151
5.5015
5.59266
5.1835
5.44992
5.68472
6.38703
5.18218
5.72001
5.89675
5.96587
6.03432
5.90921
5.46708
5.82025
6.10369
5.09017
6.7896
5.64449
4.55391
5.88452
5.20832
5.76664
5.68363
5.21481
5.52665
6.15976
6.05668
4.87007
5.58337
5.13398
5.25562
5.80035
6.06703
5.82084
6.07268
5.87089
6.62945
6.35212
6.37562
5.26709
5.28623
5.89421
5.26048
5.44295
6.30201
6.35625
5.70068
6.31868
6.82647
5.69212
5.29353
5.28263
5.83679
6.10742
6.46373
5.75852
5.60431
5.8312
5.3215
5.97993
6.61792
5.59614
5.63549
5.55658
5.95823
4.9
5.96578
5.55308
5.59867
6.29044
6.35848
5.88381
5.8178
5.64803
5.72181
5.9452
5.91626
5.66456
5.47257
5.85823
5.91096
6.37734
5.60459
6.49777
5.72961
5.94732
6.77941
6.07227
6.42839
5.49493
5.59885
6.40827
5.8585
6.34298
5.40913
5.75044
6.36079
5.15091
6.0626
6.26313
6.47224
6.39416
5.86811
5.64414
5.35303
6.34617
6.1782
5.33322
6.17276
5.87408
5.82509
6.31467
5.74905
6.02279
6.09058
5.5465
5.70536
5.78483
6.01317
5.90081
5.743
5.42526
5.56934
5.61579
5.85864
6.00752
6.00137
6.10735
5.2525
5.90099
6.5654
6.00055
5.71731
6.04895
5.28938
5.54621
5.11225
5.74271
6.19268
5.76202
5.32701
5.64997
5.81432
5.83513
5.9155
5.60383
5.77705
5.5164
5.63042
5.74486
6.01356
5.21677
5.82264
5.72853
5.57642
5.55398
6.00656
5.30262
5.70739
6.44882
6.40891
5.67067
6.3805
5.37742
6.65437
5.3351
5.97527
5.59824
5.73094
5.92166
5.55318
5.52633
5.79726
5.68526
6.09729
5.43881
6.11731
5.20575
6.77617
6.14642
5.77816
6.00433
5.66259
5.85828
4.87559
5.7845
6.0358
6.21725
5.06144
6.05036
5.77204
6.32673
5.6637
5.91073
6.58004
5.61665
6.52727
5.58295
5.71148
5.11112
6.64687
5.43085
5.60288
5.98306
6.12245
6.54648
5.50665
5.97676
5.8546
6.36058
6.99005
5.67392
5.77132
5.27521
5.4087
5.20072
5.42086
5.87739
5.51801
6.15344
6.00719
6.10666
5.85478
6.2983
6.56628
5.88697
5.20449
6.24083
5.87915
6.30899
6.38231
5.75039
5.24835
6.1892
5.45097
6.15059
5.56145
6.01194
6.72403
6.51664
6.21235
6.02571
5.79121
5.68762
5.91207
5.82546
5.56167
5.6222
6.50095
5.47622
5.29144
6.07525
6.47703
6.32565
6.2043
6.0694
5.40841
5.98633
5.80974
6.11454
6.11464
5.37131
5.40303
5.63768
5.66252
6.42544
6.19195
5.80097
6.27934
5.45087
6.02786
5.37346
5.58572
5.28819
6.24437
6.4242
5.55291
6.10756
6.01515
5.63119
5.42607
6.11128
6.05906
6.00409
5.39071
5.60258
5.79706
5.22933
6.33669
5.53755
5.63541
5.46643
5.67479
5.95553
5.7585
5.89935
6.31087
6.39702
6.27787
5.39032
5.53263
5.63747
6.24956
6.20652
5.36611
6.2252
6.04032
5.68962
6.01541
5.51234
5.0749
5.86992
6.00834
6.45531
6.21398
5.58869
5.52471
5.52734
6.44557
5.39661
5.7007
6.08773
5.80063
5.52842
5.58987
5.41664
6.15391
5.93271
6.62203
5.35964
6.10737
5.46559
5.68737
6.57993
5.5309
5.96584
6.33841
5.83424
6.28064
6.13566
5.6715
6.04057
5.79083
6.43651
5.56773
5.37813
5.58556
5.53663
5.07264
6.02577
6.34123
5.53126
6.38174
5.57905
6.14938
6.61231
6.34623
6.0314
6.36638
5.84144
5.77244
6.35978
6.04985
5.61238
6.37732
6.26722
5.85048
5.25746
5.75687
5.7193
5.70234
6.22861
4.88799
5.72975
6.32492
5.26953
5.50819
5.85851
5.70576
5.90548
5.63823
6.07379
5.74587
5.17967
6.23849
5.75781
5.7157
5.55716
5.5285
6.63699
6.08401
5.82804
6.23959
5.63254
5.76653
5.71823
5.75827
5.99743
5.78049
5.76898
5.67441
5.7941
5.41042
5.55509
5.48175
5.28122
5.37705
5.09769
5.60868
5.66815
5.72332
6.1898
6.22381
6.62593
5.60243
5.73126
5.59049
6.02009
5.94041
6.56589
5.51274
5.82417
6.03145
5.46339
5.4222
6.04333
6.05036
6.34156
7.03372
5.12318
6.15739
5.11708
5.92888
6.04139
6.01178
5.49142
5.77748
5.7338
5.98645
5.97192
5.67368
5.88657
5.75857
6.11891
5.16458
5.45316
6.22472
6.3792
5.04922
6.276
5.35627
6.13072
5.98688
5.6551
6.01644
5.61613
6.24533
5.8156
5.0359
5.29825
5.73694
5.2193
5.28005
6.18697
5.49527
5.35727
5.50574
5.48751
6.10043
5.99639
5.48487
5.54651
6.21332
5.55691
5.52367
5.74677
5.92832
6.09261
5.89609
5.70516
6.42917
5.48604
6.06348
5.58803
5.7337
5.74868
5.40046
4.89965
6.43053
4.84485
5.55467
5.73414
5.82794
5.41181
6.18248
6.21156
6.63646
6.08042
5.83831
5.53112
6.0197
5.94135
6.60612
5.54468
6.24351
6.24292
5.73353
5.43301
5.91855
6.50258
4.93013
5.26021
6.2728
5.87975
5.14969
6.54538
5.60736
5.46107
6.36822
6.6664
6.57254
6.21386
5.80874
5.64804
6.01491
5.78326
4.98429
6.07703
5.50431
6.08498
6.49099
5.29464
5.91962
6.02042
4.98444
5.76091
6.39401
5.78559
6.31026
5.10683
5.49857
5.89774
6.22764
5.99238
5.76825
5.10396
6.11762
5.49959
6.23863
6.92667
6.39426
4.75347
5.47704
6.48102
5.78286
5.39051
6.28301
5.41551
5.24393
5.36363
5.91722
5.9796
6.27692
5.61091
5.89278
5.82868
6.79662
5.5492
5.81365
5.93963
5.1811
5.95059
6.13513
5.61113
5.53735
5.84869
6.33517
5.59265
5.40519
6.04961
5.088
6.43391
5.32086
5.65444
6.15538
6.14994
6.30642
5.74401
6.27505
6.14812
5.49074
5.63835
5.73092
5.54709
5.75728
5.98992
5.75799
5.76552
5.55289
5.34615
6.483
6.17433
6.07071
5.8324
5.13603
5.54167
5.59899
6.39664
5.93106
5.41392
6.60868
5.66749
6.30226
5.81558
5.06801
5.19296
5.48574
5.73153
5.57744
5.16932
6.70742
6.27546
5.51849
6.76001
6.06989
5.27216
5.63393
6.14105
4.84795
6.02455
5.90438
4.88521
6.08742
6.07655
5.79548
5.51455
5.52082
6.18194
5.66071
5.98933
5.9713
5.69009
6.48191
5.90515
6.48775
6.64721
5.90737
5.61136
5.96097
6.41812
5.61446
5.48481
5.84361
6.23129
5.88587
5.83759
6.16923
5.45903
6.10439
5.97266
5.81327
5.49066
6.2553
5.64161
5.3738
6.11047
4.74462
5.88974
6.27749
5.90651
5.50719
5.84088
6.14936
5.50337
5.34212
5.57774
6.41968
5.71702
6.64466
5.10048
5.78872
5.91537
5.29662
5.51706
6.24242
5.85922
5.90351
5.49248
5.74479
5.9824
5.42254
5.51023
5.26865
6.75125
6.0298
5.99185
5.35671
5.58113
5.48242
5.4183
5.71542
5.36591
5.98485
5.15577
5.49262
6.14858
5.84524
6.74271
6.08411
5.86605
5.6787
5.68549
6.70876
5.89329
5.91305
5.86401
6.31894
6.27548
6.24041
5.46939
5.89927
5.81325
5.28263
5.5868
5.86347
6.78021
5.58598
6.45921
5.91954
5.77147
5.73024
5.36675
6.16377
5.95881
6.46904
6.12225
5.90948
6.06256
5.9581
6.09298
5.77757
6.29095
5.89743
5.62832
5.94552
5.04046
6.02044
5.76278
5.65989
5.56422
6.14128
5.84967
5.74937
6.10166
5.74235
6.24933
6.27199
6.07265
5.75154
5.84148
5.75991
5.62221
5.19405
5.5126
6.3513
5.75089
5.62706
5.27545
5.87168
5.59465
6.06967
6.24947
5.80681
5.93695
5.91925
6.35458
5.93091
5.80302
6.0716
5.26145
6.34697
5.85867
5.02212
5.73709
5.79155
5.61785
5.97561
6.0692
5.79423
6.08452
5.48654
5.62932
5.69945
5.81412
5.67034
6.50346
6.8321
5.80289
6.1596
5.89487
4.9982
5.71038
6.00273
5.01065
5.54453
5.28477
5.50845
6.19707
5.8559
6.03566
5.05235
5.11932
5.66327
5.74723
5.78164
5.41731
5.85636
5.82355
6.06979
6.07996
5.7285
6.2513
5.75748
5.77695
5.18837
5.72601
5.79933
5.79911
5.96674
6.3143
6.03212
5.73557
5.40698
6.11682
6.13323
5.86946
6.04682
6.58644
5.96153
6.18538
5.10969
6.1575
5.57771
6.11468
7.24065
5.93904
5.92809
5.55509
6.0639
5.39874
6.16284
6.15055
5.12937
5.98234
5.69165
5.66554
5.7565
6.24075
6.76366
6.21
5.20466
5.77345
6.37672
5.9245
5.38118
5.70211
5.7155
6.47577
5.90006
5.51655
6.68003
5.46382
5.94166
5.99611
6.3364
7.09723
5.78735
5.83949
5.97942
6.20775
5.53246
5.89586
4.96182
5.66622
6.07762
6.18512
6.03359
5.6141
5.62081
5.52904
5.38225
5.94586
6.10925
5.67797
6.36948
6.17997
6.38277
5.66975
5.91966
5.99291
5.90911
6.42424
5.10366
5.491
6.35261
5.98942
5.79216
4.72056
5.47328
6.13857
5.78269
4.84049
5.87097
6.23833
5.64718
6.36514
6.0788
5.81147
5.40082
6.76961
6.23612
5.80818
5.74646
6.69586
6.13452
6.02246
6.91537
6.02114
6.19005
6.41533
6.24828
5.74059
5.65916
6.74442
5.20119
5.77537
5.30997
6.24876
6.21578
5.66619
6.30737
6.15575
5.23155
5.37965
5.57358
5.94374
6.37424
6.23134
5.97014
5.84025
5.70008
5.7029
5.45952
5.7869
5.72001
5.98184
6.17462
6.19025
6.09415
5.99216
6.08666
6.1538
5.94328
6.18882
5.42396
5.86869
6.34603
5.92435
6.12877
5.81484
5.69244
5.63511
6.89072
5.79658
6.14927
5.37915
5.86997
6.37294
5.66638
5.679
5.97407
6.10556
5.66348
5.60712
6.13696
6.01299
5.33833
6.68335
5.96926
6.65696
5.74702
5.63969
5.28264
5.99814
6.01286
6.05197
5.86873
5.32286
6.05143
5.44641
6.36363
5.53759
6.36011
6.08837
6.12757
6.35923
6.06655
5.70275
5.47359
6.64884
5.28232
5.68683
5.94575
5.34893
5.9757
5.86251
6.4111
5.47648
6.07631
6.37613
6.21533
5.8581
5.57331
5.54265
5.90676
5.84644
6.42365
6.3749
5.92797
6.4017
5.72685
5.22554
5.23137
5.72046
5.7381
7.22389
6.86414
6.01737
6.65003
5.39843
5.63449
5.18052
5.45264
5.82569
5.24608
5.71873
5.29712
5.51221
5.88712
5.79121
5.39103
5.72277
6.17427
6.5301
5.93615
5.41265
4.83769
5.40967
5.7891
6.0635
5.93535
5.3638
5.77894
5.50133
5.20967
5.57816
5.35559
5.47728
6.32439
5.27921
6.60276
6.4316
6.10794
5.79955
5.76942
5.83605
6.04683
6.20872
5.1398
5.22813
5.6464
5.71274
5.84893
6.39408
5.93874
6.41001
6.42969
6.5011
5.86428
5.33348
5.80829
6.26087
5.84611
6.23307
6.25961
6.54751
6.44082
5.7457
5.03215
5.88068
6.27752
5.43019
5.74744
5.30162
6.67295
6.2685
5.61531
5.273
5.95748
5.56473
6.01066
6.01855
4.84427
6.05209
4.77919
6.32633
5.88435
5.71687
5.50295
5.60441
6.65667
5.60915
6.07167
6.51806
6.35047
6.44649
5.97812
5.88484
5.64142
5.60957
5.99913
5.95331
6.29901
5.56117
5.84011
6.15392
6.38064
5.99747
6.37419
6.06335
5.66035
5.31616
5.71537
5.65248
5.95506
5.51847
5.96681
6.14309
5.43788
5.9461
5.40591
5.64907
5.69344
5.67139
5.93302
6.21095
6.32314
6.69937
6.21876
6.5528
5.19201
5.947
5.14724
6.31193
6.3257
6.39218
5.65009
6.30915
6.35954
6.49841
6.4883
5.54961
5.6291
5.25054
5.59528
5.95815
5.5191
6.14055
5.46725
6.14133
5.52825
5.74872
5.37428
6.58987
5.98083
5.92113
5.87164
5.69642
6.07362
6.04926
5.92138
5.43189
6.02612
5.71566
6.15599
6.55826
6.23209
6.59359
5.32139
5.2492
5.38623
5.26502
6.63015
6.28039
6.38046
5.69141
5.9158
5.42344
5.44145
6.42966
5.53189
5.84991
5.24094
6.17492
5.70542
5.69116
6.0894
5.20396
5.95075
6.50141
6.4872
5.58781
6.28174
5.83748
6.39933
5.96707
5.9354
6.01619
6.13175
5.12821
6.04168
5.967
6.03669
5.67047
5.79529
5.65633
5.34024
5.98389
5.36719
5.45669
5.29797
5.1837
5.85398
6.03636
6.10792
7.38538
5.84467
5.61719
6.48503
5.57188
5.61584
6.03503
6.02448
5.22639
6.00661
5.23484
5.49643
5.72797
6.2766
5.78226
6.28127
6.67816
6.29255
6.10496
5.62338
5.30576
5.46336
5.81396
6.44793
5.34769
5.75346
6.55513
5.80049
5.91902
6.06954
5.92373
6.62585
5.42925
5.16971
5.68766
6.01329
6.06362
6.69284
4.86973
5.70373
5.71144
5.58558
5.82444
6.46725
5.61474
5.13421
5.95661
5.35146
6.31102
6.16148
5.88298
6.11709
5.50535
7.05476
6.25266
6.58068
5.89068
5.80547
5.30506
5.39767
5.23576
6.07239
5.61198
5.76717
5.4157
6.26804
6.00345
5.81573
6.88963
6.08472
6.08415
6.14515
6.0197
5.44655
6.23951
5.59153
5.79207
5.93409
6.32481
6.35465
5.62554
5.1811
6.30532
5.89873
6.49354
5.95903
6.6116
6.50403
5.81153
5.91691
5.73364
5.7555
5.64968
5.73625
6.43744
5.93745
5.54501
5.50885
6.33352
6.31558
6.06205
5.69869
5.56219
6.40607
6.05293
5.47845
4.73145
5.51783
5.12994
5.99032
6.54375
5.29056
6.18792
5.95609
6.20017
6.54617
6.1995
6.28985
6.12047
5.84917
5.63879
5.40078
5.81319
6.33399
6.02075
5.63545
5.62914
5.43071
6.37985
5.65099
5.16099
6.0669
6.15437
5.28824
5.74578
6.48631
5.95275
6.3448
6.00895
5.89487
5.65553
5.50199
5.63924
6.02192
5.71575
5.70066
5.78069
5.78217
5.87276
5.72206
5.36875
6.11618
5.29121
5.30814
6.57552
5.62918
5.73752
6.05282
6.46387
6.3496
5.99663
5.68299
5.48493
5.50168
6.14886
6.04262
6.55071
5.59394
6.06654
5.89422
5.84174
5.81824
7.06389
5.62251
5.76435
6.34646
5.49855
5.71005
5.86113
5.98291
5.53623
6.36365
5.59802
5.72227
6.32336
5.57123
6.33682
6.34494
5.9906
7.15192
5.96541
6.10898
5.34547
5.2028
6.19223
5.935
5.76548
5.69005
6.15962
6.73706
5.65813
5.89556
6.30285
6.55036
5.51721
5.07834
6.47672
4.98209
5.90519
5.656
5.78459
5.54008
6.14664
6.94096
5.2421
5.61208
6.09998
6.12303
5.5519
5.65725
5.87197
6.04278
6.05303
5.7637
6.12878
5.84321
5.86451
6.07966
5.30971
5.6977
5.66557
6.48434
6.2848
5.70353
6.15988
5.62184
6.47777
5.86522
6.56368
5.44194
5.13009
5.88482
6.03687
5.92554
6.33654
5.45247
5.56224
6.46083
6.05221
6.75612
6.12034
5.87015
6.26705
6.22966
5.93896
5.64242
5.38001
6.16189
6.11918
6.44146
5.9913
6.1392
7.23477
5.7363
6.27711
5.43831
5.98459
5.58309
6.73768
5.76514
6.08957
6.04339
6.08374
6.45751
5.38957
5.73967
6.69942
5.90746
6.53583
5.20583
5.89919
5.78062
6.68449
6.41244
5.65368
5.75908
5.4085
5.62877
5.69112
5.88888
5.70631
5.85678
5.1563
5.26688
6.32491
5.54887
5.54165
5.93745
5.87343
6.50319
5.25987
5.82386
5.73909
5.75595
6.31233
5.81288
5.50969
5.6564
5.55955
5.68715
5.81428
5.58791
6.64153
5.80888
6.04284
5.97763
6.43102
5.90408
5.77584
6.24725
5.80265
6.20231
6.03868
5.72655
5.8974
6.25465
5.82695
5.52685
5.30245
5.68639
5.59035
5.72555
6.18737
6.42981
6.30527
5.44584
5.80858
5.39484
5.65374
5.96221
6.1588
6.00971
6.24605
6.08706
4.99747
6.14458
6.15454
6.29025
6.2948
5.49972
5.11438
5.67413
6.00233
4.89868
5.57758
6.54115
5.38517
6.24401
5.47775
6.59198
5.51665
6.70509
6.24788
5.65304
6.30504
5.61387
5.66898
6.26355
5.98745
6.17688
6.11597
6.72248
5.67143
6.14887
6.28074
5.60654
5.3466
5.54378
6.08144
5.39094
6.21974
6.15578
6.28731
6.23665
5.8897
5.93483
5.79647
6.6035
6.90052
6.31249
6.44586
6.29224
6.26837
5.86359
6.05705
6.50044
5.54437
5.54777
5.78073
6.07824
6.39663
5.2275
5.55658
5.93182
6.2906
5.88272
5.88807
5.26071
5.49182
5.77222
6.03811
5.05635
5.80304
5.95026
6.96543
6.25828
6.11213
5.52834
5.54502
5.29391
6.55923
6.43929
5.90558
6.46258
6.30933
5.40499
5.75358
6.15989
6.17071
6.61741
5.68661
5.96346
5.70849
6.21998
5.62075
5.97759
5.18674
4.88802
6.32041
6.50557
5.91311
5.50264
6.18147
5.81072
5.36073
5.58589
5.74458
5.45053
6.56511
5.65394
5.85637
5.51934
6.11472
6.29516
5.89686
6.03358
6.27287
6.15471
5.89328
5.93085
5.19376
6.06789
5.55846
5.52582
6.07747
5.50281
5.43464
5.95351
6.06388
5.83434
5.80923
5.42389
6.02736
5.79267
6.14144
6.06805
5.85319
5.77437
6.19047
6.06607
5.81287
6.00656
6.32402
5.59917
5.82661
6.05627
5.78596
5.90646
5.98909
5.19446
5.86504
6.17667
5.61114
5.4573
5.76681
5.79613
5.97826
5.3893
6.00886
5.80191
5.99075
5.69276
6.75077
6.46774
5.38835
6.09458
6.23332
5.65981
5.65144
6.11618
6.13031
5.40469
6.67873
6.30365
5.89693
5.75399
5.64073
5.8937
5.96322
5.60939
5.7828
5.4778
5.1579
5.68364
5.6472
6.03797
5.87776
5.8536
5.54318
5.61065
5.88144
6.00014
6.39943
5.91808
5.76047
5.42657
6.50921
6.57344
5.58881
5.9011
6.24874
5.81449
5.88626
5.47093
6.44497
6.42819
6.10055
6.17359
6.02563
5.62674
5.16675
5.30344
5.93408
5.84531
6.52848
5.86576
5.69813
6.06376
5.64155
6.0037
6.55427
5.94617
5.91018
5.10254
5.75297
6.04809
6.07525
6.44199
5.7729
5.81914
5.13794
6.03661
6.36557
6.48115
6.39073
5.9004
5.18123
6.02496
5.99742
6.41663
5.63019
5.9382
5.07084
5.55631
5.44479
5.95043
5.16013
6.5015
5.73665
5.79958
5.66926
5.45844
4.62405
5.81037
6.07918
5.65098
5.60757
5.88556
5.92447
5.51385
5.93715
6.7646
5.72354
6.72967
5.47904
6.01272
6.02545
6.39915
6.0925
6.48586
5.49322
5.98052
5.92984
6.18528
5.31719
5.53119
5.91998
7.0661
5.60882
6.65944
5.86763
6.37421
6.29468
6.17277
6.17386
5.80685
5.21893
6.53408
5.77073
6.03758
6.10084
6.63249
5.49151
5.98846
5.91523
5.56644
6.28669
6.02465
5.51288
5.92692
5.41793
5.87507
6.56557
6.31139
5.46652
5.70502
5.44649
5.90923
5.91479
6.52668
5.72823
6.16445
5.43197
5.90105
5.40428
5.98276
5.77085
6.03161
5.79992
5.45906
5.58431
6.04769
6.42052
6.03231
5.91924
5.7125
5.59181
4.91041
5.8607
5.47889
5.86341
5.83778
5.64616
5.79302
5.66697
6.16445
5.88183
5.87188
5.53206
5.75064
6.95068
7.24245
5.96441
6.57736
5.97551
6.34246
5.4593
5.91937
6.51949
5.58683
5.78742
6.39973
6.49202
5.1956
6.60726
5.74732
6.15377
6.15791
5.89981
5.94357
5.73684
6.08792
5.49874
5.31993
5.49184
6.25265
5.78638
6.09063
5.36658
6.30564
5.38248
5.72877
6.13986
6.91257
5.61484
5.81734
6.25796
6.38619
6.65182
6.1402
5.93663
5.92598
5.73894
5.54075
5.67008
5.99224
6.09894
6.3483
6.33312
5.98925
5.68368
5.84608
5.39552
6.21024
5.75104
5.56132
5.86475
5.81173
5.84708
6.1863
5.44114
5.56006
5.50821
5.42435
5.29332
5.98589
5.00457
5.7834
5.70342
6.22505
5.96312
5.3708
5.08554
6.57761
5.94221
5.66606
4.98423
6.23888
6.22499
5.78401
6.13043
5.55912
5.55125
5.32957
5.59952
5.70583
5.2448
6.00173
6.46292
5.81434
5.93127
6.03641
6.18316
5.70527
6.11001
6.20018
6.01454
5.48126
6.14469
5.76349
5.27053
5.75346
5.73207
6.52048
6.34912
5.77774
5.83293
5.49894
5.57131
5.31017
5.47247
5.40748
6.08506
5.20843
5.60351
6.32483
5.6927
6.00565
5.59901
6.20584
6.93716
5.2565
5.76323
4.86204
5.48367
5.47889
5.71352
5.31248
6.17629
5.57627
5.89171
5.33584
5.18587
5.82089
6.38431
6.51993
6.1713
5.93143
6.0023
5.47592
6.27063
6.55412
6.3788
5.87805
6.03234
5.58033
6.03279
5.04949
5.56073
6.12428
6.19122
5.75599
6.13281
6.12164
5.80964
5.73373
6.0495
4.70154
5.45723
6.3713
5.7503
6.56239
6.31268
5.96752
5.96637
5.77641
6.02764
6.00643
5.76769
6.33485
5.5176
6.21868
5.87344
6.41132
6.00829
6.3159
6.49487
5.89514
5.99016
5.81734
5.67121
5.77602
5.17973
5.89425
5.61705
5.82165
5.83715
6.01281
5.42509
6.01808
5.77396
5.03784
5.70861
6.63066
5.31605
4.84887
5.51539
6.22003
6.14013
6.00476
5.56353
6.42045
5.63329
6.02158
6.10936
6.06913
5.55114
5.72429
6.01459
6.21244
5.29869
6.13879
6.13371
5.24103
5.68109
5.40554
6.06031
5.56088
5.7735
5.80239
6.00465
5.82814
5.72344
5.85024
6.08334
6.19242
6.28331
6.24425
6.38728
5.34051
6.73222
6.40532
6.4723
6.25106
5.8053
5.93156
5.26883
5.70958
5.16033
6.26424
5.30095
5.84713
4.93058
7.01684
5.41424
6.15634
6.22708
5.66559
5.14235
6.12894
5.86938
5.73016
5.87757
6.08119
6.37132
6.06724
5.73709
7.40122
6.54587
6.41032
5.44499
5.12004
7.01106
6.09338
6.67351
5.32895
5.47406
6.03394
5.52288
5.6047
5.18413
5.90122
6.41109
5.94802
5.99346
5.29396
5.78656
5.82168
5.68744
5.90506
5.78424
5.17615
5.95613
6.09877
6.21701
5.94674
6.45615
5.32435
6.29788
5.57599
5.87985
6.65773
6.38022
5.6151
5.76419
6.10726
5.83551
6.0419
5.51485
5.71203
6.10538
6.15214
6.23194
6.48022
5.18666
6.2412
6.26677
5.50979
5.89771
5.96305
5.86399
6.08327
5.62082
6.62505
5.94621
5.52229
6.10647
5.40195
5.21981
6.05799
5.92597
5.58386
5.91602
6.00614
5.37084
6.11364
5.64366
6.2427
5.89021
6.10951
5.34126
6.87643
5.86222
5.88463
5.46485
5.92753
5.68056
4.96178
6.03793
5.56259
6.04297
5.61774
5.69425
5.80273
5.81909
7.11445
5.76683
6.03342
6.65291
6.51152
6.01303
5.47043
5.70802
6.20619
5.70225
6.47514
7.0135
6.26075
6.4387
5.86772
6.13285
5.94596
5.73581
6.04178
5.83005
6.06319
5.92351
5.47708
5.56101
5.28496
5.61566
6.05941
5.98934
6.52649
6.02854
6.52221
6.04127
6.44491
6.058
5.72251
5.71538
6.48651
5.58379
6.00743
5.96302
5.62149
5.11115
6.07442
5.8281
5.67848
5.74497
6.66111
6.885
5.60995
5.73684
5.98838
6.04241
6.22657
5.99387
6.41601
6.60399
6.23132
5.10492
4.77976
5.52652
6.05157
6.5495
5.18496
6.38344
5.47457
5.8936
6.17533
6.1281
6.22268
5.92315
5.88044
6.28219
5.49366
5.341
5.90862
6.49134
5.9861
6.70693
6.16467
5.4831
5.83592
6.17138
6.2319
5.5199
5.66373
5.46657
5.10065
5.78821
5.76057
4.92954
6.5694
5.26565
5.44004
5.52649
5.65338
5.40531
6.60914
5.45387
6.77464
5.95675
5.24992
5.83777
5.94399
4.73934
5.7248
6.3668
5.83759
5.97031
5.85645
5.89593
5.38947
5.34979
5.45591
5.67461
5.687
5.66455
5.76269
5.42912
6.02586
6.66132
5.30399
6.26962
5.85355
5.79787
5.42159
6.1135
5.96871
5.50152
6.32858
5.84232
6.57161
6.33583
5.56198
5.94399
6.01547
6.80416
5.73597
5.60357
5.90287
6.07907
6.49636
5.58912
5.46634
6.97469
5.9962
5.21958
6.02988
6.30449
6.00468
5.87926
5.52754
6.47318
6.60794
5.23873
5.48306
5.78446
6.44911
5.26926
6.38038
7.09955
5.31111
5.5082
5.9051
5.53111
5.80237
6.23809
6.59516
6.68686
5.72556
6.0521
5.98761
6.1479
6.05938
6.35872
5.30508
6.39464
6.08712
6.43328
5.41317
6.53256
6.32185
6.18111
6.40709
5.50833
5.45108
6.08825
5.36996
5.84393
5.6872
6.1839
5.98912
6.05558
5.92123
5.25113
5.71995
5.7763
5.60634
6.22557
5.60607
5.57875
5.61644
6.29029
6.33393
5.78168
6.22533
5.81226
5.65971
6.54905
5.49758
6.52448
6.09552
5.04925
5.40093
5.83244
6.0017
5.43517
5.95746
5.96744
6.64604
6.11992
6.30262
5.91965
6.20941
6.74795
5.88459
5.69034
5.6699
6.94385
6.30774
6.25505
6.44145
5.53025
5.67787
5.96828
6.24807
5.98027
5.96249
5.89339
6.46001
6.57776
6.09229
5.88016
5.99218
5.70405
5.30441
5.61317
5.38998
6.08426
5.79876
5.5979
5.75769
6.78987
5.93366
5.89912
5.91287
6.59568
6.63648
7.11027
5.4155
5.50734
6.03715
5.44202
6.19969
5.97599
6.2075
5.59266
6.2874
6.83216
6.32863
5.85585
5.94
6.51378
6.24715
5.97325
6.32252
6.03557
5.64553
5.41288
5.86795
5.63677
5.48426
5.36691
6.4043
6.14866
6.05973
5.46233
5.7954
5.96593
5.64899
7.08142
5.80314
6.50271
6.07103
6.52675
6.23486
5.84911
5.93155
5.69766
5.55808
5.65527
5.86762
4.97979
6.41092
5.35609
5.62548
6.46196
6.35558
5.24415
6.5597
5.8611
5.78946
6.16301
5.79724
6.51081
5.75535
5.67069
5.48294
6.21108
6.50141
5.62149
6.27191
5.69588
6.313
6.68354
5.54729
6.23901
6.12428
5.8938
6.19056
5.81488
6.59392
5.31616
6.00926
5.64401
5.91203
6.51984
5.52328
5.52124
6.49773
5.75962
5.32897
5.87831
5.49625
5.22846
5.64753
5.56033
5.50797
5.39073
5.66495
6.03124
5.73615
6.04682
6.33963
6.19393
5.72996
5.79969
6.17009
5.77799
6.01518
6.06327
6.36753
5.6557
5.7309
5.86873
6.66338
5.53163
5.92501
5.74604
5.64995
5.11087
5.30603
6.15746
6.13481
5.9892
5.68386
5.57764
5.92452
5.96045
5.03126
5.0584
5.30117
5.89036
5.34839
5.77629
5.80629
5.95919
5.93231
6.11079
5.79832
6.82109
6.19995
6.57417
5.5847
5.8211
5.40028
5.97359
5.69063
4.69432
5.83588
6.44588
5.66976
6.08333
5.31632
5.82917
5.28288
5.82157
5.51373
5.9475
5.91028
5.80719
6.53328
5.39224
5.62173
6.66218
6.58045
5.8716
6.40382
5.64428
5.45041
5.99257
5.51753
6.57438
5.21235
5.69985
5.70997
5.32539
6.22556
5.60997
6.18844
5.45153
5.41651
5.41587
6.24995
5.65867
5.31441
5.38826
5.76688
5.75383
5.9713
5.40813
6.7702
5.46108
5.69216
6.5312
5.65841
5.9112
4.97226
6.71147
6.51311
5.77675
5.73449
6.09229
5.64095
6.72105
5.55381
6.24899
6.21828
5.02241
5.67518
5.71599
5.99365
5.80302
6.33125
6.60686
6.33706
5.74527
5.98727
5.27374
6.15428
5.63403
5.66374
5.07142
5.42756
5.99411
5.50056
5.79722
4.62823
5.34945
6.36505
5.52208
5.84794
6.79928
5.70673
5.75889
6.11433
5.65589
6.3629
5.33891
6.11175
5.44994
5.76659
6.27755
5.74794
6.20311
6.14608
5.21437
5.70725
5.86932
6.04905
6.59296
6.01266
6.15637
5.72158
6.00199
6.28381
5.54785
5.99713
6.08843
5.05566
5.80815
5.80855
5.95861
6.24653
5.64975
5.56061
6.19966
5.75984
5.55675
5.43974
6.28096
5.68111
5.34795
5.92878
5.86258
5.13715
6.06452
6.25654
5.74413
5.55209
5.53379
5.75338
5.84753
5.4528
5.05171
5.19571
5.86233
5.22584
6.41936
4.97624
5.47336
6.78334
5.34347
5.58506
5.32623
7.08968
5.77614
5.55604
6.0343
6.21308
6.88039
6.53642
5.81139
6.17777
5.95425
6.41641
5.45776
5.71645
5.91891
5.5706
5.62875
5.87497
5.99401
5.61782
6.34015
5.71666
5.57355
5.92882
5.87234
6.11599
6.1185
5.66807
5.64378
5.45205
5.48784
5.58898
5.59767
6.77839
5.16308
5.84035
5.97487
5.59245
5.3227
5.47438
5.73112
6.62266
5.88617
6.65721
6.86814
5.59733
5.95803
5.94499
5.81744
5.69533
6.34003
5.89107
6.39181
5.96162
6.01446
5.77311
5.45603
5.38513
6.13528
6.55578
6.03513
5.55155
5.39238
5.1476
5.77908
5.90877
5.18131
5.71801
5.59079
5.99532
5.40862
5.28401
5.74411
5.79773
5.74174
5.49166
5.58724
5.80998
6.15022
5.98068
5.55757
5.82247
6.01214
6.27714
5.81379
6.07251
5.46571
6.49624
5.50776
6.21495
6.05492
6.23276
6.46002
6.21596
5.33197
5.80342
5.43212
6.01473
5.93397
5.45988
5.36551
5.36394
5.94023
6.03594
6.42904
5.74551
5.587
6.11989
5.51934
5.54547
5.57295
6.14513
5.91228
6.08193
5.61747
6.16052
5.6899
6.11584
5.70047
6.8427
6.3868
5.35824
5.9701
5.8956
5.90346
5.89544
6.17297
5.63954
5.58453
5.6318
6.07868
5.97432
6.3996
6.54485
6.04621
5.19266
6.82353
5.42424
6.14205
6.63294
5.2053
5.13973
5.96988
5.34766
5.41063
7.01256
5.91374
5.57949
5.64631
6.04138
5.21653
6.37344
6.24828
6.24598
5.8621
5.88672
5.96148
5.77713
6.68836
5.12207
6.21337
6.74668
6.92079
5.88003
6.16687
5.99951
6.06782
5.68616
6.21826
5.20964
5.37346
5.06528
5.76534
5.91739
6.49118
6.15214
6.22844
5.88236
5.45661
5.3871
5.61929
5.16216
5.41419
4.96892
5.63889
6.38564
5.91858
5.76924
5.51873
6.31642
5.74604
5.64917
4.90581
5.88345
5.88292
5.67208
6.06743
6.52947
6.00003
5.46007
5.45952
5.29405
6.56486
5.79752
5.7615
6.0441
5.73345
5.84318
5.41969
5.64798
5.65081
5.58926
6.46008
6.15145
5.62172
5.84189
5.40873
5.91193
6.22276
5.68833
5.71013
6.05392
5.60413
5.77734
5.15199
5.89344
6.06854
5.83037
5.09896
5.47082
5.58582
6.57991
5.34795
5.72747
5.54444
5.55706
5.20637
6.57968
6.00041
6.12941
6.70042
5.14602
6.15747
5.80593
6.71567
6.39086
5.21602
6.43394
5.64203
6.58668
5.43763
5.82007
6.00136
5.90443
7.37461
5.95823
5.30582
5.35959
5.72999
5.42203
6.08078
6.3537
5.97327
7.29566
5.62049
5.91814
5.77157
6.45499
5.77275
5.91132
6.36552
6.10328
5.77093
5.81554
6.17992
6.32305
6.14804
6.95251
5.62461
5.67305
5.56532
5.99088
5.74201
5.02887
5.21083
6.42489
5.77274
5.4973
6.54978
5.7424
5.8641
5.64763
6.49521
5.98795
5.67227
5.49368
6.06163
6.11588
5.88123
5.54036
6.16361
5.99483
6.08277
6.23469
6.22778
6.47174
6.22116
6.01006
5.93121
5.48324
5.8289
6.30642
5.9854
6.13277
5.6898
6.65766
5.64837
5.28032
5.01922
6.14913
5.83547
5.15569
5.13362
5.68993
6.00628
6.28172
5.9751
6.04342
5.66488
6.20099
5.87187
6.55552
4.91509
6.22431
6.27478
6.06843
6.54775
5.9561
6.29151
6.04266
6.59539
5.54569
5.95602
5.94376
6.54029
5.91619
5.87931
6.03787
5.55668
5.40177
6.02077
6.22725
6.05065
6.37484
5.82067
5.17673
5.5652
5.21057
5.51402
5.71791
5.2446
5.90294
6.15023
6.27461
6.1119
5.82007
5.71701
6.19173
6.64783
5.721
6.42648
5.66638
5.83056
5.93744
6.55792
6.03109
4.85163
6.25951
6.06745
6.60699
5.97862
6.01146
6.19883
5.00422
5.26764
6.26142
5.19447
5.40277
5.53474
5.90037
6.76706
6.04786
6.68428
6.05382
5.76505
6.23214
5.58195
5.34775
5.63142
5.1529
6.19679
6.09772
5.90198
6.37202
5.62948
5.43759
5.85214
5.78196
6.01045
5.37204
6.29246
5.95394
6.5101
6.1183
6.16569
6.52485
5.59033
5.41424
5.39936
5.99863
5.61578
6.43731
5.71203
6.6037
6.25355
6.15538
5.47327
5.58662
6.04229
5.3042
5.88848
6.2023
6.01809
5.37883
5.6312
5.84243
5.60865
5.87023
6.4609
5.52546
6.26363
6.72614
5.70935
5.60986
5.87062
6.40509
6.42735
5.42792
6.37537
6.08114
6.02788
6.13586
6.3373
5.57024
6.2088
5.75812
5.64663
5.56841
5.86657
5.98575
5.23091
6.09352
5.80931
5.81354
6.06232
6.47058
5.66539
5.88672
5.82435
5.73356
5.95487
5.38513
5.41284
6.37134
5.50991
6.42063
5.12433
6.308
5.58056
5.87155
5.77275
5.38451
5.27131
6.17419
5.96895
5.57614
6.14023
6.07004
5.42855
5.2724
5.42504
5.90729
5.56599
5.75769
5.67592
6.51656
5.97404
5.2637
5.89971
6.57433
6.33497
5.1101
6.10857
5.98935
6.17155
6.23123
6.40371
5.40946
6.06201
5.20285
6.0937
6.06824
5.34437
5.84396
5.43975
5.79134
6.26113
5.21435
5.65404
5.9342
5.28507
5.86894
5.74047
6.28545
6.18404
5.59207
6.271
6.15801
6.58787
5.89276
6.08717
5.07475
5.94421
6.53322
6.48627
5.55568
5.35787
6.14719
5.3786
5.53023
6.80054
5.86702
5.49108
6.04563
6.53907
5.67058
5.3976
5.73666
6.08333
5.51568
5.67286
5.48833
5.4823
5.88605
5.52032
5.62802
6.09895
5.73444
5.31379
5.73328
6.77897
5.48295
6.40923
6.32175
5.75072
5.94301
5.2974
6.26758
6.69068
5.16507
5.8051
5.63273
5.47814
5.57306
5.78232
5.31582
6.28394
6.20494
4.88802
6.3633
6.4956
5.5609
4.93458
5.30816
5.87284
5.91729
6.11469
5.35288
5.82185
5.98112
5.964
5.57465
5.46165
5.56083
7.17881
5.37019
5.91439
6.01093
5.73054
5.5963
5.92653
5.79001
5.71133
5.70352
6.19919
5.6089
6.44253
5.76072
6.20213
5.2081
5.76777
5.95242
5.4436
5.82623
5.93822
5.80982
5.72375
5.1752
6.38085
5.59516
5.84265
6.37858
6.2258
6.16773
6.42201
6.44046
5.84171
5.83852
6.04514
5.56132
5.92959
6.05855
6.13847
6.17646
6.14088
5.73344
6.18018
5.46358
5.98639
6.17811
6.07877
5.7765
5.51262
6.30193
5.91602
5.90186
6.34066
5.89849
6.13409
5.49756
6.06563
6.81821
5.8372
5.93259
5.75573
5.8839
5.79649
5.54912
6.61261
5.20987
5.41313
6.20066
6.09063
5.74179
5.54499
5.81928
6.05735
6.59205
5.70896
5.33591
5.78824
6.349
5.74647
6.2494
5.5606
5.90602
6.13296
5.23535
5.38522
5.59357
5.29853
5.84801
6.06042
5.95118
5.5729
6.64087
5.6408
5.58074
6.68638
6.1035
6.31031
5.67467
5.46116
6.33285
6.16664
5.31641
6.11502
6.12064
5.60073
5.50481
5.74457
5.44388
6.52523
5.31259
5.06195
5.72389
6.22435
5.04235
5.23419
5.79078
6.04675
6.15387
6.27523
6.30432
5.53539
5.27319
5.13168
5.9066
6.22919
5.47652
5.00368
5.37695
4.95831
5.35493
5.64586
5.75544
6.02542
5.5807
6.50438
5.27655
6.29014
5.95251
6.45597
5.95287
5.69247
6.78748
6.25922
6.18025
5.58426
6.24984
6.55685
5.86914
5.41815
6.29774
5.44906
5.95903
5.97275
6.20477
5.85887
6.0266
6.13167
6.20542
5.33243
6.56497
6.02256
5.56528
5.88592
6.0507
5.71485
6.16693
6.35306
4.56087
5.38907
6.32233
6.2686
5.77183
6.06688
4.97264
5.91584
6.1979
5.93922
6.28404
5.98587
5.8877
5.93595
5.56928
6.1062
6.31351
5.26693
5.34354
6.31142
6.26388
5.67067
5.82502
5.25
5.83701
5.69664
6.71825
6.32521
5.16115
5.68919
7.03234
6.08115
4.8623
5.21971
6.52441
5.38996
5.62516
6.26124
6.21719
5.44764
5.90493
6.98712
5.72501
6.53409
5.48443
5.77886
4.94835
6.27585
5.86529
5.38581
5.8559
6.67842
5.67157
5.80143
5.07856
5.39213
6.93103
5.76961
5.428
6.36619
5.3653
6.10055
5.94841
6.66499
5.45358
5.71885
5.49716
5.61236
5.7559
6.21144
6.60393
5.13373
6.15881
5.44651
5.59391
5.67227
6.5111
5.64399
5.10922
5.88556
6.28074
5.73944
5.07196
6.74561
5.35095
6.17456
5.76121
6.73861
5.79624
6.32405
5.75795
5.88158
5.69577
5.76382
6.19397
6.17533
5.46036
6.00587
5.68514
6.04706
6.03004
5.43915
6.18644
5.53133
5.94795
6.11979
6.00376
6.14944
6.0815
5.67074
5.93924
5.69982
6.85806
5.66316
5.5167
5.61989
5.21008
6.21972
5.04935
5.89801
5.37583
4.96326
5.71463
6.13144
5.95113
5.91294
5.5907
5.81865
5.58243
4.69677
5.83958
5.95834
6.30966
4.94762
5.83601
5.38062
6.15328
5.7361
6.2792
5.99884
5.59717
5.53999
5.26697
6.0949
5.97316
5.57949
5.84038
5.49239
6.79728
6.05902
5.53291
6.02946
6.20728
6.47464
5.74096
6.16762
5.78412
5.82251
5.76439
6.27407
6.04861
6.50571
5.93345
5.05549
5.60152
5.19919
5.96345
5.98733
6.02733
5.7277
5.49493
5.59027
6.36661
5.93858
5.47587
6.3251
6.18095
6.52812
7.24418
5.97495
6.02847
5.1909
5.39323
5.35713
6.2397
4.81621
6.24143
6.05022
5.94238
6.58711
5.62956
5.92112
5.96544
6.00384
5.98024
5.42012
5.89681
5.29324
6.31576
5.88182
5.85238
5.47343
5.73514
6.0325
5.7709
6.2038
6.17527
6.28629
5.62205
5.7976
5.26715
5.92358
5.66774
5.16211
6.14123
5.75852
5.84303
6.19865
5.20351
6.10328
5.64378
6.18055
5.78581
6.41602
5.56656
6.00124
5.11255
5.73468
5.74271
5.55915
5.70109
5.17854
5.47438
6.1591
6.44631
5.59579
5.83633
6.09364
6.34291
5.60006
5.72838
6.15384
6.0208
6.13874
6.195
5.46515
5.53759
5.24759
5.99113
5.43893
5.9638
6.24465
5.4855
5.59697
5.69389
5.85512
6.35082
5.86899
5.92367
5.71247
6.37761
5.31842
5.57745
6.21419
5.82874
5.60946
6.3276
5.98815
5.91908
6.847
6.24844
6.02905
5.87244
5.72787
5.10115
6.216
6.59111
6.34767
5.35982
5.92012
6.30576
5.76376
6.3807
6.15885
6.24861
6.79824
5.65428
7.06615
5.9245
5.17701
5.25486
5.66182
5.89322
5.48181
6.03518
5.71177
6.21429
5.99332
5.07686
6.15271
5.63702
6.74431
6.27139
6.4468
5.5548
6.58214
5.58292
5.77683
5.25611
6.13846
6.09352
5.72272
5.81472
5.76313
5.54392
5.30339
7.20564
5.8678
6.16725
5.87713
5.99247
5.62645
5.8268
6.15025
6.13963
5.59871
5.93208
5.72865
5.27792
6.75928
5.58779
6.4368
5.65036
5.92213
5.5575
6.0187
6.02184
6.37379
5.58252
5.78769
5.24048
6.28601
5.25742
6.06642
4.76179
6.36246
6.10028
5.43923
5.73807
6.4084
5.11062
6.22601
6.25392
6.12126
6.08545
6.67558
6.05357
5.9817
5.79483
5.4266
6.33455
6.50549
5.85976
6.17202
6.23079
5.68672
6.50457
6.62061
5.70121
5.75611
5.56061
5.7277
5.54804
5.54369
5.89489
5.67365
6.7608
6.09632
6.27301
6.11122
6.09591
5.602
6.15658
6.13412
5.21028
5.8963
6.16692
5.68946
6.62238
6.12614
6.1247
5.72691
5.50826
5.15364
6.04385
6.01539
5.73499
5.88584
5.86044
5.81489
5.58351
5.31012
5.72149
5.19182
5.85563
6.334
6.30593
5.98427
5.57834
5.69637
5.18571
5.98651
5.80908
6.39777
5.80829
6.44503
5.80169
6.24872
5.14552
6.2762
5.89043
5.60235
6.29091
5.618
5.74794
5.82975
5.68347
6.21799
6.25061
6.68583
5.76978
6.04572
5.53263
5.62821
6.01012
6.08691
5.7251
6.7408
5.6205
5.74723
6.49154
6.71099
5.93655
6.18467
5.59093
5.17483
5.97968
5.73526
6.1718
6.02574
5.33589
6.21361
6.25091
5.98489
5.59868
6.01906
5.50157
6.82488
6.09185
6.24636
5.4587
5.17321
6.03601
6.21174
5.82001
5.88038
5.61834
5.65681
6.52307
5.70348
5.71105
6.12069
5.89868
5.62607
5.72347
6.11006
6.1656
5.51792
6.21978
5.40675
5.958
5.60352
5.86231
6.09694
5.50301
5.36176
6.20293
6.27362
6.15552
5.72417
6.27725
5.6769
6.58585
5.56895
5.37112
5.69108
5.50826
4.91576
6.30626
5.56615
6.34558
5.51168
6.16657
5.90588
5.79884
5.70156
5.20665
6.26347
5.76553
5.71923
5.50166
6.03323
5.91122
6.01192
5.90523
6.28545
6.09604
5.80411
6.81844
6.02877
5.48554
5.18459
5.52017
6.16949
5.98392
5.62655
5.71278
6.40412
5.34711
5.34868
5.76235
5.71736
5.54679
6.09421
6.01534
5.6571
6.32283
5.84376
5.60925
6.16382
5.24812
5.90371
5.76606
6.16908
6.68748
5.28574
6.0675
5.47161
5.25474
5.83978
5.76631
5.4963
5.65303
6.50771
6.25195
6.27096
5.72942
5.82216
5.30605
4.99057
6.36975
5.26007
5.83312
5.42585
5.42275
6.30203
6.22164
6.15946
5.20284
6.45051
5.47651
5.45531
6.33344
5.74337
5.61356
5.49413
5.93372
5.81866
5.28817
5.74053
5.52348
5.43195
5.21503
5.38501
5.68687
5.39978
5.53884
6.52729
5.54448
6.17455
4.95993
5.35149
5.7636
6.89965
6.03175
5.18894
6.27138
6.20858
6.07112
5.39448
5.92215
5.21474
5.95606
6.27283
5.49245
5.46337
6.35519
6.37734
5.82307
5.54909
6.38677
5.8829
6.40795
5.94371
5.85888
5.95941
5.92667
6.5451
5.82919
5.87778
5.20774
5.52287
5.72639
5.8117
5.90834
5.58369
5.56236
5.42497
5.94962
5.93144
6.02795
5.63838
6.26262
5.18951
6.53253
6.18737
6.1527
4.50754
5.73581
5.07148
6.29984
5.98365
5.90363
5.23912
6.04019
5.75972
6.17206
6.11126
6.11995
6.6633
5.33585
6.59087
5.55115
6.5169
5.19425
5.54459
5.88153
5.98085
6.0183
6.00627
5.57757
6.12791
6.31577
6.54579
6.78568
5.6316
5.80009
6.26127
5.91965
5.73267
5.41899
5.48014
5.30205
6.15493
5.80987
5.59605
5.95671
5.72633
5.98119
6.32213
5.85421
4.94338
5.90506
5.95372
6.71602
6.01842
5.81793
5.70092
5.2052
5.87554
6.69764
5.88945
6.46373
6.59218
5.85295
6.12083
5.64921
5.21986
6.14529
6.0515
6.07394
5.35502
6.1265
6.22966
6.5985
5.4215
6.54863
5.30506
5.20339
4.76822
6.36833
5.97575
6.27793
5.76388
6.77449
5.67458
6.03917
6.02415
6.42745
5.55311
6.07082
6.2151
6.0423
6.0304
5.74179
6.31231
5.92607
5.87293
5.1931
5.53242
6.05554
5.31781
5.51681
6.39629
6.4573
5.54295
6.20948
6.12193
5.82358
6.5395
5.87813
6.26974
5.49445
5.51914
5.94342
5.90277
6.22719
5.0991
6.02521
5.14986
5.73882
6.42572
6.13043
6.6398
6.26031
5.602
5.77888
6.17611
6.72819
5.64671
6.92249
5.33404
5.61328
5.89423
5.38877
5.68612
6.405
5.96298
5.74644
6.09248
6.44826
5.05847
5.54251
6.18164
5.64407
6.36217
6.29541
6.12385
5.61616
6.14356
5.7221
5.83418
5.75454
6.42007
6.12682
5.74032
5.70296
5.95805
5.9369
5.80631
5.97623
5.66657
5.95094
5.74258
5.67078
6.38301
5.31323
6.04849
6.14369
5.63751
5.85746
6.68804
5.60553
6.04481
5.92467
5.17333
6.03991
5.75476
5.50074
6.24574
6.11607
5.20884
5.60894
6.02011
5.99255
5.26321
6.31836
5.96367
5.43317
6.46866
6.00997
5.76791
5.53968
5.57856
5.51369
6.67676
5.4818
6.52234
6.11001
5.82173
6.4583
5.51067
5.55431
5.27658
5.70497
6.05111
5.75524
5.0389
5.78425
6.11203
5.49569
5.26654
5.61116
5.88269
5.8007
5.94647
5.1292
5.78016
5.61404
6.16902
5.92783
5.52441
6.4176
5.80457
5.30998
5.29793
5.81735
6.18759
5.38348
5.83134
5.51088
5.35208
5.8944
5.95948
5.85617
6.00495
5.70499
6.0738
6.03391
4.95526
5.4271
6.08757
5.82436
5.44842
6.49342
6.06095
6.14815
5.55929
6.87447
6.09154
5.58376
5.73416
5.23043
6.06239
5.91099
5.26127
6.43314
6.18672
5.79139
5.98396
6.27756
5.26342
5.08125
5.98264
5.36632
6.33705
6.75368
5.80639
5.8511
5.9259
6.62109
6.65949
6.11872
6.02444
5.33979
5.41921
5.27536
5.97772
6.37162
5.94956
5.36686
5.96058
5.87485
5.33255
5.17932
6.07982
5.59151
6.11797
5.94123
5.4158
5.86593
5.77408
5.52052
5.97798
5.39288
6.04564
6.0277
5.35666
5.46059
6.43994
5.98249
6.03645
5.75989
5.52772
6.17689
6.78387
5.74958
5.69554
6.01315
6.22816
5.75498
5.71639
5.37745
5.37303
6.00857
5.7091
5.37329
5.76871
5.74452
5.66362
5.75487
5.94768
5.58102
6.45351
5.64902
5.22695
5.3141
7.35703
5.05773
5.94029
5.6761
6.61354
5.31989
6.16936
6.09275
5.76314
6.37786
5.79621
5.9088
6.01801
5.65613
5.32645
5.35443
6.08691
5.97461
5.53712
5.70118
6.28503
4.99665
5.69376
6.52398
5.87357
5.10679
5.89732
5.95437
5.16189
6.00167
5.2669
5.66816
5.4756
5.49032
6.03991
5.66297
5.77934
5.99954
6.49816
5.67339
5.50502
5.81259
5.62876
5.656
6.02199
5.95016
6.55097
6.46935
6.16036
6.43707
5.86776
5.70108
5.76979
6.06249
6.08766
6.03608
6.00355
5.62862
5.7932
5.57455
5.89904
5.21403
5.617
6.25333
5.9827
6.11595
5.84211
5.57655
6.35857
5.4741
4.76925
5.71287
5.11543
5.71754
6.63953
5.6514
6.65234
6.57514
6.29528
6.09036
5.12698
5.35585
5.72442
6.35938
5.07067
5.52368
5.80845
5.30901
5.97582
5.97486
5.87732
5.8703
5.19055
5.8966
5.05915
5.72502
5.94491
5.28761
6.36374
6.20064
6.12572
6.07633
5.30225
5.87451
5.9103
6.20509
6.07134
5.77088
6.31527
5.49454
7.0341
6.14652
5.32527
5.86253
5.72191
5.77385
5.97173
6.0334
6.47304
6.71313
5.31356
5.96729
5.99042
5.71261
6.49155
5.35901
6.63142
6.11145
5.81371
6.18971
5.36257
5.25925
5.98242
5.36129
5.80665
6.0756
5.57281
6.2013
6.25238
5.78504
5.68392
5.45606
5.53268
5.62339
6.11258
5.9575
6.83941
5.9633
6.05433
5.85341
6.7978
5.79695
6.96896
5.99486
5.89825
5.67196
5.68992
5.63353
5.75018
5.46937
5.48609
6.1828
5.23243
5.33805
6.61701
5.29456
6.17977
5.83003
5.55214
5.65516
6.35718
6.59863
5.51092
6.0904
5.70381
5.23319
6.05921
5.77003
5.96325
5.16303
5.51502
5.41615
5.92747
5.62438
5.95908
6.12787
5.15287
6.26438
6.20984
5.81228
5.53817
6.42745
5.14455
5.07062
4.94159
5.69871
5.59444
6.14346
6.42182
5.80922
5.62575
6.33835
6.36642
5.78145
5.67066
6.21894
5.87937
5.87708
5.5775
6.41652
5.62471
5.30017
5.81174
6.10754
6.30116
6.13715
5.21768
6.46464
5.68619
5.33589
5.66889
5.39356
6.28226
6.54542
5.76079
6.43324
5.8173
5.25911
5.21743
6.45154
4.74485
6.42959
6.18731
6.07893
5.9817
5.99548
5.49006
5.96803
5.00542
6.14837
5.9752
6.20272
5.9062
5.48624
6.56565
6.44471
5.66361
5.39763
5.6309
5.92368
5.46565
5.00554
6.4011
6.47193
6.1293
4.92669
5.83847
5.74423
5.75666
6.53054
5.15226
6.0354
6.00169
6.38603
6.18119
5.80957
6.00614
5.97173
5.23446
5.24522
6.2643
5.83256
6.09482
6.31095
6.18583
6.65882
5.41506
5.7557
6.14691
5.26051
5.80397
5.24491
6.86624
5.62269
5.94609
5.04582
5.89823
6.13636
5.97746
6.27183
5.50302
5.01455
5.49515
5.85837
6.12199
5.63812
6.42094
6.30704
5.69105
6.60736
5.69471
5.50249
5.63713
5.55092
6.26358
7.00027
5.89147
5.46002
6.38957
6.44999
5.83661
5.8776
6.70922
5.30165
5.74275
5.4053
5.3589
6.33302
5.99835
6.32755
5.46422
5.67443
5.20591
5.36311
5.56762
5.77147
5.52583
6.42106
6.07545
5.78759
5.45596
5.62071
5.85152
6.00489
6.34593
6.12195
5.81586
5.66229
6.61414
6.07979
7.03103
5.1584
5.845
5.89945
6.18093
6.30245
5.78561
6.26267
5.21981
4.87993
5.80178
6.06982
5.23103
5.82201
5.6708
5.72618
6.54266
6.55729
5.35685
6.30647
5.73053
6.25979
6.16014
5.9752
5.85371
5.89373
5.31652
5.63517
5.86948
5.87005
6.70707
5.24705
6.54857
6.37171
5.31002
5.18684
5.64196
5.66957
6.15748
6.02343
7.25367
6.05138
5.91636
5.28097
6.01874
6.26251
5.64485
6.16738
5.69765
6.15702
7.03224
5.55811
6.70356
6.0203
5.081
5.70228
5.63005
5.59487
5.91812
6.74702
6.04691
6.02818
5.95482
5.64858
5.7025
5.93199
5.67002
5.80552
5.19291
5.5005
4.96026
5.63205
6.2306
6.3398
6.41302
5.8207
5.97837
5.87265
6.07636
5.96439
5.64979
6.53518
6.1971
5.91506
6.22641
5.7775
6.62325
6.46994
5.96866
6.02045
6.13164
6.28091
6.08488
5.69678
6.51465
5.88784
5.75762
5.67329
6.28799
5.91026
6.55375
5.17966
5.05427
5.92608
6.23795
5.59214
6.32258
5.50479
5.1624
6.39083
5.61494
5.93387
6.02489
6.19279
5.50909
5.82123
5.58701
5.64931
6.27505
5.51738
6.55609
5.76322
6.20214
6.23066
5.41853
5.78422
5.91403
5.47404
5.66575
6.63388
6.0385
6.14636
5.37582
5.57875
5.978
5.71703
5.95479
5.63589
5.47817
5.81868
5.37823
6.1827
5.79813
6.05282
5.73636
6.29941
5.78849
5.12735
6.13073
6.6051
5.63535
6.37351
6.56412
6.19427
5.83821
6.27979
5.58657
6.45624
6.06415
6.0488
5.22713
5.70158
5.68112
5.64446
5.83484
5.58146
6.24638
5.9338
5.89484
5.74882
5.96762
6.00075
5.56943
5.94178
5.65557
5.26744
6.13262
6.28461
6.21839
5.82086
6.54034
6.4617
5.93859
5.58754
6.88829
5.35859
6.70129
5.45073
5.41093
5.93441
5.93019
5.67237
5.56552
5.65301
6.02537
5.79622
5.9277
6.03269
5.39652
5.25461
5.874
6.0183
5.34216
5.70199
5.75218
5.64268
5.70041
6.14963
5.55365
5.67796
6.35322
6.11689
6.52632
5.35037
5.99987
5.91188
6.2437
6.14471
6.66069
5.46807
5.76253
5.86328
6.38525
6.53597
5.25072
6.14978
6.07073
5.9881
5.79628
5.90636
5.49301
5.50581
6.03226
6.38379
6.18389
5.22926
5.79876
6.12835
5.53464
5.92341
6.21583
5.48844
5.59793
6.13651
6.32928
5.89217
5.79527
6.03166
5.33791
5.7856
5.86748
6.2418
6.03153
5.55525
5.40523
5.87301
5.82083
5.72928
5.53711
6.20239
6.30787
5.57349
6.22479
5.89858
5.91133
6.16675
5.33941
5.39184
5.94799
6.56171
5.83954
6.48399
6.01191
6.92086
5.65457
5.84911
5.62569
5.02101
5.85644
5.55297
5.72017
5.7467
7.04481
6.58305
5.61431
5.82817
5.29288
5.62494
6.54585
6.20801
5.26112
6.00517
6.64652
5.62477
5.53789
5.40405
6.05872
5.9403
5.6435
5.35638
5.90548
6.09514
5.63694
6.27395
5.39145
5.87624
5.48773
5.46633
5.44156
5.96163
4.92169
5.40186
5.59951
5.46665
5.74855
6.37785
5.8216
6.21156
5.92427
6.48222
6.22361
5.68832
6.03754
6.26057
5.92568
6.08441
5.26257
6.27112
5.63976
5.83634
6.18026
6.07294
6.22636
5.40601
6.39842
5.99087
6.15855
5.61799
5.23791
5.50568
5.69929
6.13824
5.58843
5.81229
6.08953
6.08617
6.0638
5.66583
5.34923
5.81914
5.94447
5.60599
5.14847
6.43843
6.59133
5.49387
5.29843
5.78801
