2498.91
29.5972
15.6323
10.5763
7.96941
6.37524
5.30787
4.54449
3.97086
3.51712
3.15432
2.86297
2.61879
2.41165
2.23483
2.08249
1.95041
1.83372
1.72787
1.62971
1.55124
1.47348
1.40425
1.34283
1.28442
1.23218
1.18466
1.13564
1.09694
1.05398
1.01986
0.985392
0.95464
0.923426
0.896332
0.870111
0.84383
0.821526
0.798653
0.778691
0.758017
0.74004
0.720896
0.70311
0.687747
0.669698
0.656677
0.641757
0.627346
0.614604
0.60186
0.589743
0.577826
0.566273
0.556269
0.545363
0.536858
0.525696
0.515632
0.506659
0.499991
0.48997
0.481706
0.474981
0.46583
0.458739
0.452063
0.444235
0.438313
0.432198
0.424999
0.41824
0.413154
0.407095
0.401388
0.396718
0.390245
0.384526
0.37965
0.375722
0.370283
0.36669
0.360521
0.357014
0.35272
0.348019
0.343986
0.340058
0.336054
0.331925
0.328058
0.323815
0.321073
0.31668
0.314162
0.310855
0.307168
0.303668
0.300331
0.297575
