521.978
21.1983
13.1999
10.1101
7.86363
5.84891
5.77364
4.46548
5.19775
3.0535
3.61514
3.1497
2.60076
3.19977
2.78067
2.40636
2.31287
1.67567
2.31709
1.8575
1.60256
2.99592
0.507822
2.07693
1.17086
1.29576
1.70445
1.44911
1.08528
1.24508
1.42323
1.3798
0.592554
1.14082
1.27866
1.09304
1.56521
1.01822
0.119301
1.38878
0.831681
0.717457
0.809876
0.836946
0.762859
1.394
1.3241
0.459636
0.208367
0.749713
1.64238
0.0955263
1.06179
0.0878086
1.07738
0.382905
1.24198
0.0791416
1.01016
0.26038
0.760896
0.204434
2.1644
0.0695627
0.0743331
0.0800558
1.08715
0.78377
0.0623458
1.17891
0.0754367
0.387067
0.354066
0.174491
0.983452
0.132402
1.17939
0.0550924
0.516267
0.382929
0.645155
0.668142
0.457568
0.0636328
0.389813
0.666437
0.438164
0.284979
0.399017
0.290322
0.427155
0.959219
0.279364
0.697851
0.0460372
0.629721
0.0428988
0.402811
0.0739484
0.337526
