50022
50217
50286
50048
50059
49856
50204
49848
49612
50102
49849
49885
49674
50004
50165
49948
50098
50094
49930
50081
50220
49913
49743
50171
50055
50116
49809
50132
50204
50210
49753
50147
50073
49791
50146
50029
49997
49706
49909
50069
49986
49972
50118
50127
49873
50161
50052
50082
49673
49798
49948
50173
50167
49686
49721
50006
50208
50033
50056
49682
49953
49620
49997
49925
50212
49902
49963
50028
49977
49911
50089
49748
50168
50240
50052
49984
50047
49978
49950
49916
50357
50005
50030
50024
50343
50294
50110
50183
49769
49755
49798
49815
50255
50278
49983
49847
50130
49972
50129
49971
