50021
50226
50282
50048
50052
49863
50199
49851
49610
50100
49848
49887
49677
50006
50159
49955
50094
50100
49926
50084
50214
49909
49752
50165
50059
50111
49812
50132
50205
50214
49749
50152
50069
49792
50141
50036
49991
49707
49910
50072
49981
49973
50119
50121
49876
50167
50047
50083
49671
49804
49943
50174
50170
49685
49719
50012
50204
50031
50058
49678
49959
49611
50004
49920
50217
49903
49960
50032
49973
49904
50099
49747
50175
50226
50057
49983
50045
49988
49950
49904
50364
50007
50025
50027
50342
50293
50115
50180
49766
49755
49799
49820
50253
50274
49990
49850
50125
49965
50135
49969
