2631.9
30.2175
16.1802
11.0337
8.35696
6.71259
5.60617
4.8146
4.21869
3.74018
3.35942
3.05383
2.79824
2.57936
2.39398
2.233
2.09404
1.97131
1.85851
1.75303
1.67224
1.58894
1.51552
1.45011
1.38764
1.33285
1.28253
1.22806
1.18832
1.14104
1.10537
1.06879
1.03609
1.00206
0.973558
0.945445
0.916964
0.893749
0.868818
0.847657
0.825553
0.806265
0.785356
0.766323
0.750524
0.730053
0.71646
0.70057
0.684587
0.671317
0.657477
0.644407
0.63139
0.619396
0.608438
0.596557
0.587823
0.575061
0.564228
0.554841
0.547936
0.537001
0.527729
0.520767
0.510621
0.502954
0.495924
0.486932
0.481255
0.474396
0.466294
0.458896
0.453695
0.447142
0.440975
0.436149
0.428907
0.422459
0.417222
0.413605
0.407329
0.403383
0.396525
0.392849
0.388327
0.383148
0.378739
0.374563
0.37031
0.365773
0.361609
0.356669
0.353758
0.348764
0.346433
0.342996
0.338783
0.335061
0.331134
0.328315
