541.196
1.62816
0.879536
0.599542
0.450596
0.360672
0.297152
0.258189
2.25794
0.367887
1.71873
1.32579
0.810278
1.70058
0.820503
1.26141
0.885079
0.753078
1.08631
0.913678
0.57204
2.0037
0.111924
0.202102
0.75216
0.504324
1.53405
0.102949
0.567757
0.490218
0.812609
0.538968
0.549562
0.364791
0.708181
0.758353
0.384898
1.22068
0.0686649
0.084612
0.267423
0.949165
0.0658291
0.68033
0.143439
0.85978
0.761436
0.192743
0.0622556
0.108033
1.22021
0.0524225
0.415172
0.0509637
0.690644
0.103098
1.01385
0.0471386
0.0957683
0.090486
0.939418
0.0439629
0.695582
0.067124
0.102475
0.0444614
0.0919713
1.50983
0.0399422
0.140741
0.042573
0.0521977
0.220291
0.052784
0.557291
0.135064
1.11366
0.0352232
0.0348329
0.0648061
0.335098
0.0563707
0.706864
0.0345818
0.0674288
0.573572
0.031794
0.273624
0.0670221
0.0570297
0.509743
0.0453174
0.661831
0.0697646
0.04275
1.1169
0.0286825
0.0285024
0.0279953
0.0317789
